31.12.2011 0.00 4.58 0.00 4.58
01.01.2012 4.58 5.00 4.58 5.00
02.01.2012 5.00 5.00 5.00 5.00
03.01.2012 5.32 5.32 5.14 5.29
04.01.2012 4.93 5.57 4.93 5.57
05.01.2012 5.72 6.46 5.72 6.43
06.01.2012 6.44 6.90 6.00 6.00
07.01.2012 6.80 6.80 6.80 6.80
08.01.2012 6.90 6.90 6.90 6.90
09.01.2012 7.00 7.00 6.23 6.30
10.01.2012 6.24 7.14 6.24 7.14
11.01.2012 7.14 7.33 6.25 7.00
12.01.2012 6.95 7.38 6.51 6.51
13.01.2012 6.80 7.36 6.70 6.72
14.01.2012 6.60 6.60 6.30 6.30
15.01.2012 7.15 7.15 7.15 7.15
16.01.2012 6.20 7.10 6.20 7.10
17.01.2012 6.50 6.90 6.00 6.00
18.01.2012 6.00 7.10 5.99 7.10
19.01.2012 5.52 7.00 5.52 6.07
20.01.2012 6.28 6.95 6.22 6.95
21.01.2012 6.30 6.77 6.28 6.77
22.01.2012 6.79 6.83 6.03 6.79
23.01.2012 6.50 6.52 6.00 6.52
24.01.2012 6.52 6.57 6.00 6.55
25.01.2012 6.26 6.86 6.00 6.31
26.01.2012 6.27 6.30 5.91 6.20
27.01.2012 5.50 6.03 3.80 5.88
28.01.2012 4.91 4.91 4.91 4.91
29.01.2012 5.89 5.90 5.30 5.30
30.01.2012 5.50 5.58 5.30 5.58
31.01.2012 5.70 6.22 3.80 5.30
01.02.2012 5.53 5.99 5.52 5.88
02.02.2012 5.99 6.28 5.89 6.28
03.02.2012 6.09 6.35 5.93 6.30
04.02.2012 6.35 6.50 5.94 5.94
05.02.2012 5.93 6.15 5.60 5.60
06.02.2012 5.60 5.90 5.20 5.90
07.02.2012 5.60 5.88 5.50 5.69
08.02.2012 5.79 5.87 5.66 5.87
09.02.2012 5.52 5.89 5.51 5.89
10.02.2012 5.88 5.88 5.80 5.88
11.02.2012 5.71 5.71 5.50 5.50
12.02.2012 5.78 5.78 5.55 5.67
13.02.2012 5.53 5.79 5.50 5.79
14.02.2012 5.20 5.80 4.56 4.89
15.02.2012 4.90 5.08 4.69 4.69
16.02.2012 4.50 4.98 4.15 4.68
17.02.2012 4.68 4.80 4.50 4.67
18.02.2012 4.67 4.73 4.14 4.23
19.02.2012 4.38 4.38 4.30 4.38
20.02.2012 4.72 4.72 4.40 4.44
21.02.2012 4.44 4.54 4.30 4.52
22.02.2012 4.52 4.59 4.46 4.59
23.02.2012 4.52 5.12 4.51 5.12
24.02.2012 5.17 5.22 4.95 4.95
25.02.2012 5.11 5.11 5.00 5.00
26.02.2012 4.79 5.07 4.78 4.98
27.02.2012 4.97 5.10 4.95 5.04
28.02.2012 5.09 5.10 4.71 4.88
29.02.2012 4.97 4.99 4.85 4.99
01.03.2012 5.00 5.05 4.90 5.00
02.03.2012 5.00 5.00 4.64 4.79
03.03.2012 4.81 4.99 4.60 4.65
04.03.2012 4.78 4.81 4.77 4.81
05.03.2012 4.80 5.05 4.77 5.05
06.03.2012 5.05 5.06 4.95 4.98
07.03.2012 5.05 5.09 4.93 4.93
08.03.2012 4.94 5.08 4.87 5.01
09.03.2012 5.01 5.07 4.93 4.93
10.03.2012 4.91 4.99 4.85 4.94
11.03.2012 4.94 5.00 4.84 5.00
12.03.2012 4.85 4.99 4.85 4.99
13.03.2012 4.99 5.32 4.96 5.30
14.03.2012 5.32 5.44 5.27 5.27
15.03.2012 5.27 5.43 5.27 5.39
16.03.2012 5.30 5.41 5.26 5.26
17.03.2012 5.38 5.42 5.38 5.42
18.03.2012 5.41 5.42 5.24 5.25
19.03.2012 5.24 5.37 4.89 4.89
20.03.2012 4.88 4.97 4.79 4.79
21.03.2012 4.90 4.96 4.90 4.96
22.03.2012 4.86 4.98 4.72 4.98
23.03.2012 4.91 4.91 4.60 4.78
24.03.2012 4.72 4.72 4.62 4.62
25.03.2012 4.83 4.84 4.54 4.54
26.03.2012 4.60 4.75 4.54 4.75
27.03.2012 4.73 4.97 4.54 4.81
28.03.2012 4.84 4.95 4.72 4.87
29.03.2012 4.82 4.93 4.77 4.84
30.03.2012 4.81 4.91 4.76 4.88
31.03.2012 4.90 4.92 4.89 4.92
01.04.2012 4.90 4.90 4.77 4.89
02.04.2012 4.80 5.04 4.78 5.04
03.04.2012 5.04 5.04 4.86 4.98
04.04.2012 4.99 5.01 4.86 5.01
05.04.2012 4.99 5.04 4.89 5.00
06.04.2012 4.90 4.98 4.81 4.98
07.04.2012 4.99 4.99 4.70 4.71
08.04.2012 4.70 4.80 4.69 4.76
09.04.2012 4.70 4.85 4.70 4.75
10.04.2012 4.75 4.87 4.75 4.80
11.04.2012 4.86 4.92 4.78 4.92
12.04.2012 4.87 4.92 4.73 4.86
13.04.2012 4.92 4.95 4.81 4.93
14.04.2012 4.93 5.01 4.93 4.96
15.04.2012 4.96 4.96 4.92 4.92
16.04.2012 4.95 4.99 4.93 4.98
17.04.2012 4.98 4.99 4.95 4.99
18.04.2012 4.98 5.18 4.98 5.16
19.04.2012 5.17 5.18 5.06 5.13
20.04.2012 5.15 5.36 5.09 5.36
21.04.2012 5.37 5.43 5.19 5.26
22.04.2012 5.24 5.25 5.17 5.17
23.04.2012 5.20 5.25 5.14 5.15
24.04.2012 5.15 5.15 4.98 5.12
25.04.2012 5.08 5.14 4.86 5.09
26.04.2012 5.11 5.14 4.86 4.98
27.04.2012 5.03 5.08 4.99 5.04
28.04.2012 5.07 5.07 4.85 4.85
29.04.2012 4.91 4.96 4.81 4.91
30.04.2012 4.92 5.02 4.87 5.00
01.05.2012 4.94 5.04 4.86 4.97
02.05.2012 5.01 5.15 5.01 5.12
03.05.2012 5.06 5.13 5.05 5.10
04.05.2012 5.10 5.15 5.07 5.14
05.05.2012 5.09 5.12 5.04 5.04
06.05.2012 5.06 5.10 5.02 5.05
07.05.2012 5.07 5.09 4.97 5.07
08.05.2012 5.06 5.08 4.99 5.02
09.05.2012 5.02 5.08 5.01 5.02
10.05.2012 5.02 5.04 4.90 5.00
11.05.2012 4.97 4.97 4.87 4.93
12.05.2012 4.93 4.97 4.93 4.94
13.05.2012 4.94 4.95 4.91 4.94
14.05.2012 4.93 4.99 4.88 4.93
15.05.2012 4.95 5.01 4.90 4.95
16.05.2012 5.00 5.04 4.98 5.04
17.05.2012 5.04 5.04 5.01 5.02
18.05.2012 5.03 5.07 5.03 5.07
19.05.2012 5.08 5.08 5.05 5.05
20.05.2012 5.07 5.08 5.03 5.08
21.05.2012 5.03 5.09 5.01 5.08
22.05.2012 5.05 5.07 5.00 5.03
23.05.2012 5.02 5.10 5.02 5.08
24.05.2012 5.09 5.12 5.04 5.12
25.05.2012 5.12 5.12 5.08 5.08
26.05.2012 5.08 5.09 5.06 5.07
27.05.2012 5.08 5.08 5.00 5.07
28.05.2012 5.07 5.08 5.07 5.07
29.05.2012 5.07 5.12 4.95 5.11
30.05.2012 5.11 5.14 5.07 5.13
31.05.2012 5.13 5.15 5.09 5.10
01.06.2012 5.15 5.24 5.10 5.22
02.06.2012 5.20 5.21 5.17 5.21
03.06.2012 5.19 5.20 5.19 5.19
04.06.2012 5.18 5.24 5.14 5.22
05.06.2012 5.22 5.49 5.22 5.39
06.06.2012 5.36 5.49 5.35 5.42
07.06.2012 5.42 5.50 5.40 5.50
08.06.2012 5.50 5.63 5.46 5.56
09.06.2012 5.61 5.62 5.47 5.47
10.06.2012 5.48 5.54 5.42 5.42
11.06.2012 5.48 5.56 5.40 5.56
12.06.2012 5.56 5.90 5.51 5.70
13.06.2012 5.77 6.00 5.70 5.89
14.06.2012 5.86 5.89 5.79 5.87
15.06.2012 5.87 6.13 5.56 6.13
16.06.2012 6.13 6.52 6.12 6.40
17.06.2012 6.43 6.47 6.14 6.20
18.06.2012 6.13 6.34 5.98 6.10
19.06.2012 6.06 6.49 6.06 6.39
20.06.2012 6.44 6.65 6.26 6.65
21.06.2012 6.64 6.69 6.64 6.65
22.06.2012 6.64 6.67 6.48 6.67
23.06.2012 6.59 6.61 6.33 6.33
24.06.2012 6.45 6.45 6.35 6.40
25.06.2012 6.40 6.40 6.11 6.26
26.06.2012 6.26 6.46 6.17 6.39
27.06.2012 6.38 6.68 6.34 6.54
28.06.2012 6.49 6.54 5.99 6.46
29.06.2012 6.50 6.63 6.49 6.52
30.06.2012 6.58 6.61 6.50 6.55
01.07.2012 6.55 6.62 6.53 6.54
02.07.2012 6.53 6.64 6.52 6.55
03.07.2012 6.62 6.66 6.40 6.44
04.07.2012 6.44 6.55 6.36 6.54
05.07.2012 6.52 6.66 6.44 6.65
06.07.2012 6.61 6.61 6.39 6.60
07.07.2012 6.54 6.74 6.54 6.74
08.07.2012 6.65 6.80 6.45 6.77
09.07.2012 6.75 6.99 6.55 6.91
10.07.2012 6.91 7.13 6.91 7.03
11.07.2012 7.05 7.15 7.04 7.15
12.07.2012 7.15 7.19 7.10 7.15
13.07.2012 7.16 7.69 7.16 7.65
14.07.2012 7.59 7.59 7.44 7.58
15.07.2012 7.54 7.57 7.40 7.57
16.07.2012 7.57 8.21 7.14 7.93
17.07.2012 7.94 8.80 7.70 8.47
18.07.2012 8.47 9.15 8.36 9.08
19.07.2012 9.06 9.20 8.92 9.16
20.07.2012 9.15 9.15 7.93 8.49
21.07.2012 8.48 8.91 8.20 8.86
22.07.2012 8.74 8.80 8.30 8.64
23.07.2012 8.42 8.88 8.10 8.56
24.07.2012 8.56 8.80 8.25 8.59
25.07.2012 8.53 8.61 8.24 8.26
26.07.2012 8.43 8.67 8.43 8.45
27.07.2012 8.67 8.91 8.67 8.83
28.07.2012 8.83 9.00 8.80 8.85
29.07.2012 8.87 8.88 8.70 8.71
30.07.2012 8.71 8.95 8.54 8.90
31.07.2012 8.90 9.28 8.90 9.23
01.08.2012 9.28 9.50 8.90 9.38
02.08.2012 9.37 10.42 9.37 10.41
03.08.2012 10.41 12.00 10.00 10.82
04.08.2012 11.18 11.20 10.52 10.85
05.08.2012 10.87 10.93 10.30 10.32
06.08.2012 10.33 10.99 10.29 10.77
07.08.2012 10.77 10.87 10.72 10.75
08.08.2012 10.75 11.03 10.70 11.03
09.08.2012 10.97 12.49 10.79 11.18
10.08.2012 11.06 11.50 10.90 11.36
11.08.2012 11.32 11.40 11.25 11.32
12.08.2012 11.38 11.69 11.34 11.65
13.08.2012 11.44 11.98 11.40 11.67
14.08.2012 11.68 12.30 11.68 12.30
15.08.2012 12.29 12.86 12.13 12.81
16.08.2012 12.88 13.50 12.73 13.49
17.08.2012 13.42 16.41 11.50 13.35
18.08.2012 13.00 13.00 11.11 11.94
19.08.2012 11.88 11.95 7.80 7.90
20.08.2012 7.91 10.33 7.10 9.33
21.08.2012 9.50 10.51 9.50 10.10
22.08.2012 10.00 10.71 9.75 10.05
23.08.2012 10.05 10.19 9.78 10.17
24.08.2012 10.09 10.49 9.83 10.41
25.08.2012 10.40 10.58 10.14 10.53
26.08.2012 10.53 10.62 10.20 10.29
27.08.2012 10.50 11.93 10.31 10.69
28.08.2012 10.90 11.21 10.63 11.00
29.08.2012 11.00 11.05 10.49 10.80
30.08.2012 10.92 10.92 10.53 10.56
31.08.2012 10.55 10.80 9.69 9.69
01.09.2012 9.69 10.20 9.69 10.00
02.09.2012 9.91 10.17 9.49 10.17
03.09.2012 10.17 10.54 9.95 10.50
04.09.2012 10.55 10.55 10.14 10.21
05.09.2012 10.21 10.67 10.12 10.67
06.09.2012 10.67 11.00 10.67 10.98
07.09.2012 10.98 11.15 10.83 11.04
08.09.2012 11.02 11.04 10.30 11.00
09.09.2012 11.00 11.11 10.84 10.84
10.09.2012 10.98 11.08 10.74 10.96
11.09.2012 10.99 11.00 10.38 10.90
12.09.2012 10.90 11.14 10.75 11.14
13.09.2012 11.17 11.42 10.98 11.30
14.09.2012 11.26 11.70 11.05 11.55
15.09.2012 11.53 11.63 11.35 11.50
16.09.2012 11.62 11.80 11.53 11.71
17.09.2012 11.56 11.88 11.56 11.79
18.09.2012 11.79 11.90 11.67 11.90
19.09.2012 11.90 12.50 11.83 12.41
20.09.2012 12.41 12.66 12.32 12.33
21.09.2012 12.39 12.39 12.01 12.30
22.09.2012 12.30 12.30 12.03 12.04
23.09.2012 12.02 12.11 11.79 11.96
24.09.2012 11.79 11.99 11.69 11.90
25.09.2012 11.90 12.18 11.56 11.85
26.09.2012 11.85 12.20 11.53 12.20
27.09.2012 12.20 12.38 11.84 12.21
28.09.2012 12.21 12.28 11.53 12.15
29.09.2012 12.28 12.28 12.12 12.20
30.09.2012 12.28 12.28 12.17 12.18
01.10.2012 12.22 12.27 11.60 12.14
02.10.2012 12.20 12.70 12.14 12.32
03.10.2012 12.55 12.99 12.32 12.92
04.10.2012 12.92 12.92 12.51 12.70
05.10.2012 12.70 12.70 11.50 12.55
06.10.2012 12.55 12.60 12.06 12.10
07.10.2012 12.35 12.45 11.52 11.75
08.10.2012 11.80 11.99 10.42 11.62
09.10.2012 11.62 12.26 11.50 11.89
10.10.2012 11.78 12.10 11.78 12.10
11.10.2012 12.10 12.25 11.58 11.95
12.10.2012 12.04 12.10 11.81 11.96
13.10.2012 11.96 12.00 11.81 11.81
14.10.2012 11.90 11.93 11.79 11.83
15.10.2012 11.83 11.86 11.03 11.50
16.10.2012 11.50 11.94 11.12 11.94
17.10.2012 11.79 11.97 11.15 11.77
18.10.2012 11.88 11.90 11.55 11.83
19.10.2012 11.79 11.84 11.50 11.67
20.10.2012 11.65 11.70 11.53 11.68
21.10.2012 11.63 11.68 11.29 11.56
22.10.2012 11.56 11.57 11.27 11.50
23.10.2012 11.40 11.70 11.25 11.63
24.10.2012 11.58 11.62 11.01 11.46
25.10.2012 11.39 11.40 10.40 10.42
26.10.2012 10.42 10.84 9.68 9.71
27.10.2012 9.86 10.75 9.50 10.41
28.10.2012 10.37 10.75 10.30 10.54
29.10.2012 10.67 10.78 10.32 10.74
30.10.2012 10.75 10.81 10.43 10.79
31.10.2012 10.79 10.97 10.66 10.97
01.11.2012 10.97 11.05 10.63 10.85
02.11.2012 10.84 10.96 10.45 10.65
03.11.2012 10.65 10.69 10.41 10.67
04.11.2012 10.64 10.68 10.40 10.49
05.11.2012 10.50 10.80 10.50 10.76
06.11.2012 10.76 10.80 10.51 10.63
07.11.2012 10.63 10.84 10.45 10.80
08.11.2012 10.63 10.83 10.25 10.78
09.11.2012 10.78 10.84 10.61 10.80
10.11.2012 10.80 10.87 10.63 10.71
11.11.2012 10.70 10.85 10.64 10.82
12.11.2012 10.82 10.92 10.72 10.92
13.11.2012 10.92 10.99 10.76 10.87
14.11.2012 10.80 10.98 10.74 10.96
15.11.2012 10.93 11.05 10.81 10.99
16.11.2012 11.05 11.60 10.96 11.60
17.11.2012 11.60 11.65 11.45 11.57
18.11.2012 11.56 11.65 11.32 11.60
19.11.2012 11.58 11.63 11.03 11.63
20.11.2012 11.63 11.69 11.44 11.65
21.11.2012 11.65 11.65 11.34 11.63
22.11.2012 11.63 12.12 11.55 12.11
23.11.2012 12.05 12.11 11.66 12.07
24.11.2012 12.07 12.29 12.06 12.24
25.11.2012 12.23 12.35 12.20 12.28
26.11.2012 12.27 12.40 12.11 12.17
27.11.2012 12.17 12.23 11.75 12.03
28.11.2012 12.06 12.74 11.93 12.22
29.11.2012 12.22 12.41 12.10 12.37
30.11.2012 12.37 12.45 12.20 12.43
01.12.2012 12.43 12.46 12.31 12.44
02.12.2012 12.44 12.45 12.24 12.44
03.12.2012 12.45 12.58 12.32 12.51
04.12.2012 12.50 13.01 12.42 12.84
05.12.2012 12.81 13.43 12.54 13.20
06.12.2012 13.20 13.59 13.02 13.55
07.12.2012 13.56 13.56 13.11 13.37
08.12.2012 13.30 13.37 13.30 13.36
09.12.2012 13.35 13.36 13.10 13.29
10.12.2012 13.28 13.40 13.03 13.30
11.12.2012 13.30 13.41 13.13 13.35
12.12.2012 13.39 13.49 13.23 13.49
13.12.2012 13.49 13.52 13.05 13.52
14.12.2012 13.50 13.94 13.38 13.56
15.12.2012 13.51 13.57 13.28 13.38
16.12.2012 13.38 13.44 13.27 13.39
17.12.2012 13.27 13.30 12.85 13.10
18.12.2012 13.28 13.62 12.75 13.43
19.12.2012 13.06 13.40 13.00 13.34
20.12.2012 13.37 13.44 13.14 13.28
21.12.2012 13.38 13.41 13.21 13.23
22.12.2012 13.30 13.37 13.11 13.20
23.12.2012 13.15 13.29 13.04 13.14
24.12.2012 13.14 13.24 13.01 13.19
25.12.2012 13.23 13.25 13.09 13.24
26.12.2012 13.09 13.19 13.01 13.18
27.12.2012 13.18 13.25 12.91 13.19
28.12.2012 13.20 13.29 13.01 13.15
29.12.2012 13.23 13.28 13.06 13.11
30.12.2013 13.22 13.29 13.10 13.10
31.12.2013 13.20 13.29 13.05 13.24
01.01.2013 13.24 13.24 12.77 13.20
02.01.2013 13.22 13.22 12.98 13.02
03.01.2013 13.09 13.26 12.96 13.19
04.01.2013 13.18 13.24 12.84 13.15
05.01.2013 13.18 13.19 13.03 13.15
06.01.2013 13.11 13.15 13.06 13.15
07.01.2013 13.10 13.20 13.04 13.20
08.01.2013 13.20 13.50 13.05 13.40
09.01.2013 13.50 13.65 13.18 13.65
10.01.2013 13.58 14.19 13.50 13.91
11.01.2013 13.91 14.10 13.85 14.02
12.01.2013 14.00 14.07 13.84 13.89
13.01.2013 13.94 14.03 13.54 13.62
14.01.2013 13.64 14.10 13.50 14.01
15.01.2013 14.07 14.32 13.88 14.28
16.01.2013 14.16 14.65 14.01 14.42
17.01.2013 14.53 15.40 14.45 15.40
18.01.2013 15.40 15.70 15.17 15.52
19.01.2013 15.56 15.65 15.32 15.50
20.01.2013 15.38 15.69 15.38 15.50
21.01.2013 15.50 16.98 15.45 16.60
22.01.2013 16.72 17.60 16.45 17.35
23.01.2013 17.45 17.60 16.86 17.43
24.01.2013 17.43 19.20 16.00 17.14
25.01.2013 17.14 17.72 16.12 17.33
26.01.2013 17.49 17.49 16.67 17.21
27.01.2013 17.22 17.60 17.08 17.55
28.01.2013 17.54 18.74 17.48 18.74
29.01.2013 18.74 19.85 18.53 19.25
30.01.2013 19.26 19.47 18.85 19.45
31.01.2013 19.45 21.00 19.27 20.42
01.02.2013 20.42 20.90 20.04 20.44
02.02.2013 20.65 20.65 19.50 19.89
03.02.2013 19.84 20.59 19.57 20.58
04.02.2013 20.59 20.70 19.90 20.27
05.02.2013 20.18 20.69 20.08 20.57
06.02.2013 20.55 20.99 20.33 20.99
07.02.2013 20.91 21.96 20.90 21.69
08.02.2013 21.71 22.63 21.71 22.39
09.02.2013 22.50 23.50 22.24 23.33
10.02.2013 23.33 23.80 22.85 23.60
11.02.2013 23.70 23.89 23.16 23.89
12.02.2013 23.89 25.85 23.87 25.20
13.02.2013 25.20 25.97 25.00 25.34
14.02.2013 25.12 27.50 22.42 27.25
15.02.2013 27.25 27.56 26.72 27.41
16.02.2013 27.43 27.50 26.71 27.35
17.02.2013 27.36 27.58 25.25 26.99
18.02.2013 26.98 27.00 26.29 26.88
19.02.2013 26.86 29.48 26.70 29.39
20.02.2013 29.39 30.00 29.21 30.00
21.02.2013 30.00 30.10 29.60 30.00
22.02.2013 30.07 31.49 29.90 30.50
23.02.2013 30.50 30.52 27.67 29.99
24.02.2013 29.99 30.37 29.08 29.44
25.02.2013 29.79 30.49 29.78 30.38
26.02.2013 30.41 32.00 29.85 30.83
27.02.2013 30.83 31.77 30.45 31.75
28.02.2013 31.75 34.42 31.31 33.55
01.03.2013 33.55 34.75 33.25 34.65
02.03.2013 34.65 34.77 33.60 34.20
03.03.2013 34.16 34.34 33.91 34.24
04.03.2013 34.31 37.00 34.18 36.89
05.03.2013 36.85 40.96 36.52 40.96
06.03.2013 40.96 49.17 40.61 46.08
07.03.2013 46.07 46.32 33.00 42.82
08.03.2013 42.62 44.37 40.56 43.66
09.03.2013 43.67 46.00 42.00 45.99
10.03.2013 45.51 47.00 45.51 45.97
11.03.2013 45.97 48.38 45.00 48.24
12.03.2013 48.15 48.25 36.00 45.03
13.03.2013 44.58 47.09 44.05 46.89
14.03.2013 46.89 47.97 46.52 46.94
15.03.2013 46.93 47.29 46.90 46.99
16.03.2013 46.90 47.26 46.58 46.74
17.03.2013 46.74 47.20 46.70 47.20
18.03.2013 47.10 48.68 46.98 48.68
19.03.2013 48.69 60.00 48.00 58.85
20.03.2013 58.91 67.99 58.86 65.81
21.03.2013 65.58 76.91 64.00 71.69
22.03.2013 72.00 74.47 65.00 66.00
23.03.2013 69.41 72.00 50.09 63.91
24.03.2013 64.38 71.00 63.36 70.69
25.03.2013 70.55 80.00 69.25 75.01
26.03.2013 75.20 100.00 74.06 79.68
27.03.2013 79.30 89.99 78.75 88.77
28.03.2013 88.77 97.00 80.00 90.44
29.03.2013 88.00 94.00 80.00 90.64
30.03.2013 90.50 95.00 89.31 92.44
31.03.2013 92.49 94.96 92.11 94.13
01.04.2013 93.80 106.50 93.50 104.00
02.04.2013 104.67 115.27 100.10 114.56
03.04.2013 114.90 158.41 110.00 128.25
04.04.2013 128.25 150.00 118.19 134.98
05.04.2013 134.98 200.00 127.09 142.90
06.04.2013 142.90 150.03 138.50 140.52
07.04.2013 141.60 163.12 140.65 162.60
08.04.2013 162.60 198.00 160.00 187.66
09.04.2013 187.65 235.29 164.34 234.00
10.04.2013 234.00 259.34 70.00 152.85
11.04.2013 150.05 179.00 50.00 61.49
12.04.2013 61.30 112.00 45.00 94.80
13.04.2013 94.99 119.00 85.00 98.00
14.04.2013 98.00 103.22 90.00 95.32
15.04.2013 94.99 99.80 60.00 70.00
16.04.2013 70.00 82.00 49.80 67.82
17.04.2013 68.65 101.12 60.00 89.49
18.04.2013 89.49 102.93 78.92 100.01
19.04.2013 100.01 140.20 96.70 118.90
20.04.2013 118.94 129.79 114.27 128.45
21.04.2013 128.02 129.60 101.00 119.50
22.04.2013 119.36 125.01 116.00 121.00
23.04.2013 121.36 137.79 120.78 137.79
24.04.2013 137.80 161.00 134.98 148.77
25.04.2013 148.75 170.28 123.20 138.80
26.04.2013 138.87 144.31 126.68 135.90
27.04.2013 135.90 148.61 125.76 127.39
28.04.2013 127.39 148.18 121.57 134.28
29.04.2013 134.25 151.65 123.96 142.33
30.04.2013 142.32 144.99 133.89 138.80
01.05.2013 138.80 141.28 104.90 119.84
02.05.2013 119.84 127.24 93.01 112.91
03.05.2013 112.90 113.68 81.50 92.65
04.05.2013 92.65 115.64 91.15 113.88
05.05.2013 113.88 118.76 106.50 116.99
06.05.2013 116.98 123.97 105.00 110.66
07.05.2013 110.89 113.79 98.77 108.75
08.05.2013 109.02 116.29 104.42 113.37
09.05.2013 113.94 114.20 109.00 112.00
10.05.2013 111.97 119.98 109.20 117.76
11.05.2013 117.76 118.70 112.95 115.10
12.05.2013 115.10 117.86 113.00 115.50
13.05.2013 115.84 117.48 113.55 115.99
14.05.2013 115.99 117.90 103.50 113.75
15.05.2013 113.75 114.17 101.72 107.50
16.05.2013 107.50 113.00 107.06 111.20
17.05.2013 111.03 118.16 110.30 115.83
18.05.2013 115.83 118.38 114.56 118.38
19.05.2013 118.38 118.98 114.50 115.02
20.05.2013 115.25 118.94 114.03 118.90
21.05.2013 118.01 118.92 116.00 117.89
22.05.2013 117.89 119.48 117.00 119.32
23.05.2013 118.56 123.79 118.00 123.58
24.05.2013 123.58 129.94 121.50 128.65
25.05.2013 128.65 129.73 126.03 128.34
26.05.2013 128.65 130.27 127.89 130.27
27.05.2013 130.27 130.60 120.33 127.26
28.05.2013 127.05 127.26 123.00 125.63
29.05.2013 125.63 130.34 125.50 130.29
30.05.2013 130.29 131.00 124.90 127.03
31.05.2013 127.03 129.87 125.01 127.10
01.06.2013 127.92 128.86 126.62 128.75
02.06.2013 128.74 128.83 117.02 121.15
03.06.2013 121.15 125.01 117.00 121.70
04.06.2013 121.76 123.66 116.32 120.12
05.06.2013 120.11 122.74 119.65 120.68
06.06.2013 120.67 121.39 119.27 119.28
07.06.2013 119.27 119.99 107.00 111.05
08.06.2013 110.28 112.46 108.44 109.73
09.06.2013 109.24 110.00 90.00 101.91
10.06.2013 101.91 107.90 93.10 105.00
11.06.2013 105.06 108.00 102.97 107.59
12.06.2013 107.11 111.18 105.01 108.00
13.06.2013 107.25 108.43 100.01 100.07
14.06.2013 100.01 104.00 95.00 99.00
15.06.2013 98.99 105.00 96.22 99.76
16.06.2013 100.60 101.11 99.22 99.80
17.06.2013 99.80 101.47 98.00 100.05
18.06.2013 100.01 108.18 99.99 103.18
19.06.2013 102.86 107.50 102.70 104.90
20.06.2013 104.90 108.00 102.00 104.66
21.06.2013 104.66 106.17 90.00 102.70
22.06.2013 102.70 103.00 98.55 100.20
23.06.2013 100.20 101.45 98.50 100.10
24.06.2013 99.95 102.30 95.00 99.00
25.06.2013 98.98 101.00 97.47 98.78
26.06.2013 98.41 99.98 96.13 98.99
27.06.2013 98.96 99.11 97.25 97.90
28.06.2013 97.89 98.09 88.01 90.53
29.06.2013 90.53 91.61 86.20 88.99
30.06.2013 88.99 90.30 88.00 89.38
01.07.2013 89.40 90.16 81.24 82.58
02.07.2013 82.98 88.29 80.94 88.23
03.07.2013 88.01 89.56 78.51 79.98
04.07.2013 79.98 83.90 70.06 79.54
05.07.2013 78.94 79.89 63.26 67.50
06.07.2013 67.14 72.88 63.01 66.27
07.07.2013 65.36 70.01 63.00 70.01
08.07.2013 69.60 76.94 69.46 74.20
09.07.2013 74.20 76.01 70.25 74.99
10.07.2013 74.82 86.64 74.12 85.19
11.07.2013 85.20 89.96 82.50 86.16
12.07.2013 86.14 100.00 86.10 88.66
13.07.2013 89.19 92.00 87.15 89.00
14.07.2013 89.00 93.00 89.00 91.34
15.07.2013 91.33 95.00 88.11 94.00
16.07.2013 93.95 94.00 89.09 91.72
17.07.2013 91.71 92.37 89.00 91.00
18.07.2013 90.99 91.48 77.00 85.07
19.07.2013 85.11 88.00 83.21 85.81
20.07.2013 85.32 87.07 85.25 85.60
21.07.2013 85.60 86.99 84.25 85.45
22.07.2013 85.37 87.08 83.00 85.93
23.07.2013 85.90 88.88 82.00 87.49
24.07.2013 87.49 88.41 85.73 88.18
25.07.2013 88.16 90.66 87.08 90.00
26.07.2013 89.99 91.77 88.56 90.06
27.07.2013 90.27 90.27 87.80 87.92
28.07.2013 87.92 94.01 87.90 93.20
29.07.2013 93.22 93.68 90.54 92.80
30.07.2013 93.28 96.35 92.70 96.20
31.07.2013 95.57 101.00 95.00 99.16
01.08.2013 98.66 99.27 95.15 96.04
02.08.2013 96.04 98.71 93.03 96.29
03.08.2013 96.28 97.00 93.98 95.60
04.08.2013 95.59 96.61 95.26 96.32
05.08.2013 96.32 98.92 96.00 98.24
06.08.2013 98.20 98.98 96.00 97.85
07.08.2013 97.87 98.32 96.21 97.69
08.08.2013 97.65 97.83 91.11 93.56
09.08.2013 93.56 95.75 90.00 92.23
10.08.2013 92.22 94.25 92.14 93.44
11.08.2013 93.44 94.37 92.80 94.25
12.08.2013 94.20 94.78 93.31 94.71
13.08.2013 94.71 97.12 94.24 96.92
14.08.2013 96.92 101.00 96.47 98.52
15.08.2013 98.53 100.01 96.68 98.29
16.08.2013 98.14 98.98 96.50 98.88
17.08.2013 98.87 99.67 97.48 99.16
18.08.2013 99.44 99.99 98.41 99.28
19.08.2013 98.99 105.16 98.99 102.60
20.08.2013 102.60 104.77 100.38 104.11
21.08.2013 104.11 114.00 103.79 110.82
22.08.2013 110.84 113.02 107.98 109.50
23.08.2013 109.35 109.97 104.20 107.69
24.08.2013 107.69 110.33 106.57 109.25
25.08.2013 109.25 113.09 108.40 112.79
26.08.2013 112.90 113.30 110.27 112.48
27.08.2013 112.48 118.93 111.76 118.43
28.08.2013 118.43 119.63 117.04 119.06
29.08.2013 119.06 120.00 117.00 118.95
30.08.2013 118.95 126.14 118.04 125.43
31.08.2013 125.41 134.95 124.04 134.70
01.09.2013 134.70 134.95 125.50 130.27
02.09.2013 130.06 132.00 128.52 129.84
03.09.2013 129.90 131.00 127.00 129.94
04.09.2013 129.94 130.37 115.21 123.75
05.09.2013 123.56 127.50 116.07 123.47
06.09.2013 123.47 124.54 115.21 118.03
07.09.2013 117.68 122.16 115.50 120.00
08.09.2013 120.01 120.94 117.00 118.00
09.09.2013 117.69 124.13 115.00 120.00
10.09.2013 120.00 124.26 119.59 122.40
11.09.2013 122.40 125.00 118.00 123.93
12.09.2013 123.94 128.50 123.10 127.15
13.09.2013 127.16 128.79 125.05 127.67
14.09.2013 127.67 128.00 123.05 124.48
15.09.2013 124.48 126.25 123.00 124.71
16.09.2013 125.00 126.71 124.03 125.88
17.09.2013 125.88 127.69 125.34 127.34
18.09.2013 127.34 127.99 126.05 127.99
19.09.2013 127.85 128.00 123.02 124.39
20.09.2013 124.39 126.02 121.16 123.39
21.09.2013 123.39 124.10 121.70 123.44
22.09.2013 123.45 123.70 122.35 123.15
23.09.2013 123.16 123.99 121.54 123.00
24.09.2013 122.99 124.01 121.77 123.75
25.09.2013 123.75 125.00 123.51 124.30
26.09.2013 123.99 124.90 123.00 124.89
27.09.2013 124.89 126.88 123.26 126.01
28.09.2013 126.70 127.00 124.01 126.72
29.09.2013 126.71 128.80 126.14 127.63
30.09.2013 127.63 127.88 122.77 126.01
01.10.2013 126.01 127.93 125.38 127.21
02.10.2013 126.76 127.80 85.00 104.01
03.10.2013 104.99 118.79 101.36 117.20
04.10.2013 117.21 122.98 116.26 121.98
05.10.2013 121.98 122.54 121.11 121.12
06.10.2013 121.30 122.37 121.12 122.00
07.10.2013 122.01 123.99 121.70 123.78
08.10.2013 123.77 125.10 120.11 125.02
09.10.2013 125.02 127.99 122.30 126.11
10.10.2013 126.12 126.80 124.90 126.42
11.10.2013 126.42 127.31 125.93 127.17
12.10.2013 126.73 128.00 126.01 127.90
13.10.2013 127.90 132.96 127.47 132.24
14.10.2013 132.00 138.22 131.95 134.17
15.10.2013 133.99 140.66 133.88 139.28
16.10.2013 139.52 147.39 137.38 139.78
17.10.2013 139.78 145.00 135.00 143.84
18.10.2013 143.84 154.69 142.61 151.41
19.10.2013 151.42 172.00 151.42 163.20
20.10.2013 163.19 166.58 162.54 166.25
21.10.2013 166.25 181.93 165.45 179.78
22.10.2013 179.78 196.27 178.89 189.20
23.10.2013 189.20 203.85 185.00 201.76
24.10.2013 201.76 206.60 156.20 186.78
25.10.2013 186.40 196.00 167.67 182.63
26.10.2013 182.41 190.00 177.00 180.49
27.10.2013 180.35 194.99 179.14 193.29
28.10.2013 193.08 197.50 190.80 196.16
29.10.2013 196.47 203.86 195.24 203.86
30.10.2013 203.82 206.00 195.00 196.15
31.10.2013 196.15 203.75 195.00 203.49
01.11.2013 203.49 203.55 200.23 203.00
02.11.2013 203.00 205.15 201.20 204.50
03.11.2013 204.38 209.09 203.51 209.09
04.11.2013 209.09 227.63 207.22 226.95
05.11.2013 226.95 250.79 226.00 243.33
06.11.2013 243.33 265.00 241.11 262.84
07.11.2013 261.28 297.80 261.28 292.88
08.11.2013 292.88 333.00 288.45 329.09
09.11.2013 329.09 363.65 298.95 347.65
10.11.2013 347.65 348.80 265.01 321.96
11.11.2013 320.90 349.90 310.10 339.10
12.11.2013 339.00 357.00 338.27 353.90
13.11.2013 353.91 399.89 353.00 398.89
14.11.2013 398.89 421.97 379.00 417.75
15.11.2013 418.11 431.36 390.00 407.22
16.11.2013 407.22 447.47 399.99 434.01
17.11.2013 434.74 480.00 434.01 480.00
18.11.2013 479.68 649.55 471.12 649.55
19.11.2013 648.99 755.00 378.00 554.73
20.11.2013 554.73 619.00 440.00 591.14
21.11.2013 591.14 725.00 580.37 724.99
22.11.2013 725.00 795.06 683.20 795.06
23.11.2013 795.06 874.81 782.00 839.00
24.11.2013 837.00 846.00 747.00 809.06
25.11.2013 807.00 838.20 770.10 819.90
26.11.2013 819.95 899.00 801.00 898.00
27.11.2013 898.00 969.00 879.99 963.00
28.11.2013 963.00 1050.18 931.00 1018.95
29.11.2013 1016.02 1141.00 988.22 1124.00
30.11.2013 1123.82 1163.00 1080.00 1126.00
01.12.2013 1123.97 1127.04 795.60 975.00
02.12.2013 974.00 1057.00 925.16 1041.24
03.12.2013 1036.00 1088.00 1000.00 1043.00
04.12.2013 1050.00 1153.27 1045.25 1132.00
05.12.2013 1132.00 1140.66 848.42 1025.00
06.12.2013 1024.98 1040.00 800.00 862.00
07.12.2013 863.13 875.00 542.38 709.99
08.12.2013 706.70 797.00 651.00 782.92
09.12.2013 781.00 899.90 763.47 890.00
10.12.2013 890.00 989.60 888.56 977.00
11.12.2013 977.00 988.00 804.00 878.01
12.12.2013 879.53 898.90 832.01 869.16
13.12.2013 869.14 920.42 850.00 865.20
14.12.2013 865.20 895.00 841.01 851.28
15.12.2013 851.28 869.89 803.51 859.99
16.12.2013 859.99 869.98 651.34 698.00
17.12.2013 698.00 750.00 612.51 682.99
18.12.2013 682.99 693.70 382.21 541.87
19.12.2013 542.00 700.00 492.91 680.01
20.12.2013 680.99 719.97 605.00 610.00
21.12.2013 610.00 648.88 550.00 605.84
22.12.2013 605.84 690.00 575.61 617.49
23.12.2013 619.99 659.99 607.77 658.00
24.12.2013 658.00 668.80 628.11 649.99
25.12.2013 649.94 681.24 636.99 677.10
26.12.2013 677.09 764.32 674.12 760.00
27.12.2013 760.00 763.55 702.26 717.54
28.12.2013 717.54 736.01 682.22 718.60
29.12.2014 718.60 732.00 703.45 729.99
30.12.2014 729.99 740.00 722.81 737.58
31.12.2014 737.55 739.00 709.00 729.59
01.01.2014 729.59 757.99 726.65 752.93
02.01.2014 752.93 798.70 742.50 787.00
03.01.2014 786.91 818.99 767.62 807.32
04.01.2014 809.75 830.00 790.20 828.01
05.01.2014 828.01 948.00 825.10 908.50
06.01.2014 908.90 995.00 876.00 914.84
07.01.2014 914.98 943.00 790.85 806.00
08.01.2014 806.00 849.79 765.00 813.00
09.01.2014 813.00 848.00 779.78 834.00
10.01.2014 834.99 861.40 799.41 848.77
11.01.2014 848.77 909.96 844.27 888.40
12.01.2014 888.40 905.00 826.46 846.76
13.01.2014 846.76 850.00 783.11 827.90
14.01.2014 827.90 837.00 800.00 823.00
15.01.2014 823.00 850.26 804.24 845.85
16.01.2014 842.82 849.00 814.21 818.61
17.01.2014 817.88 821.00 765.00 805.00
18.01.2014 800.85 817.12 781.08 805.62
19.01.2014 807.55 840.00 791.01 829.98
20.01.2014 829.98 845.00 815.00 830.69
21.01.2014 832.26 834.55 814.00 821.49
22.01.2014 821.49 824.99 801.00 817.27
23.01.2014 817.27 823.28 801.10 812.40
24.01.2014 812.40 813.00 767.02 779.93
25.01.2014 779.93 817.00 773.40 813.35
26.01.2014 808.57 834.00 795.01 819.48
27.01.2014 818.38 823.00 742.96 742.96
28.01.2014 745.01 812.93 725.00 795.55
29.01.2014 795.40 804.95 781.99 794.47
30.01.2014 794.30 812.44 770.70 800.00
31.01.2014 799.89 809.98 791.00 804.03
01.02.2014 804.03 827.38 801.96 816.00
02.02.2014 816.00 825.21 809.40 814.99
03.02.2014 814.99 815.00 800.50 806.99
04.02.2014 806.99 812.98 796.83 802.75
05.02.2014 802.75 810.00 784.83 798.89
06.02.2014 799.00 803.00 752.00 760.60
07.02.2014 760.60 766.88 619.00 721.00
08.02.2014 721.00 723.00 662.01 676.00
09.02.2014 676.00 755.42 666.21 690.65
10.02.2014 690.65 713.00 530.00 671.65
11.02.2014 671.65 720.00 631.00 657.79
12.02.2014 652.06 687.00 631.58 662.61
13.02.2014 662.61 663.00 601.54 620.00
14.02.2014 620.04 712.90 538.01 669.65
15.02.2014 669.84 673.93 628.88 655.22
16.02.2014 657.81 670.00 590.01 610.00
17.02.2014 611.00 664.99 610.00 632.25
18.02.2014 632.25 650.00 609.99 625.10
19.02.2014 625.10 636.00 617.00 626.50
20.02.2014 625.86 631.00 563.31 570.07
21.02.2014 569.83 589.00 530.01 574.15
22.02.2014 574.15 619.88 562.15 606.95
23.02.2014 606.71 646.00 599.78 611.99
24.02.2014 611.93 629.00 514.02 540.00
25.02.2014 540.00 551.88 400.00 536.92
26.02.2014 531.10 610.00 520.00 591.91
27.02.2014 591.91 599.99 571.22 587.73
28.02.2014 587.73 591.64 549.36 560.00
01.03.2014 560.89 576.00 535.00 569.50
02.03.2014 569.50 571.21 553.00 557.08
03.03.2014 557.00 710.00 553.38 670.12
04.03.2014 670.06 702.24 633.64 667.63
05.03.2014 667.64 679.97 651.90 667.04
06.03.2014 668.00 675.71 650.00 661.84
07.03.2014 661.84 670.00 613.45 630.00
08.03.2014 629.50 639.79 604.50 623.21
09.03.2014 623.21 653.00 613.03 645.00
10.03.2014 645.00 646.59 609.00 626.52
11.03.2014 628.84 644.44 614.17 637.77
12.03.2014 637.77 656.95 628.80 633.50
13.03.2014 631.92 650.00 631.00 641.82
14.03.2014 641.82 645.00 625.29 628.12
15.03.2014 628.12 639.88 625.32 639.30
16.03.2014 639.24 639.39 629.02 634.39
17.03.2014 634.38 634.99 619.46 622.80
18.03.2014 622.50 624.17 591.13 614.00
19.03.2014 614.25 623.95 605.11 612.06
20.03.2014 614.49 614.49 578.66 589.42
21.03.2014 586.73 607.88 556.00 575.00
22.03.2014 575.00 575.00 541.00 568.00
23.03.2014 567.99 569.48 556.92 566.49
24.03.2014 564.02 592.60 547.00 587.58
25.03.2014 589.29 589.50 568.86 582.24
26.03.2014 583.00 592.00 565.00 579.28
27.03.2014 581.00 583.40 505.00 513.99
28.03.2014 510.01 532.00 466.10 500.00
29.03.2014 500.42 508.00 487.77 495.10
30.03.2014 495.10 496.00 436.00 463.00
31.03.2014 463.00 486.70 438.00 449.12
01.04.2014 451.05 509.98 449.01 483.66
02.04.2014 485.98 494.98 430.00 442.38
03.04.2014 441.02 465.00 416.11 448.00
04.04.2014 446.01 459.50 430.77 450.21
05.04.2014 451.70 456.40 441.25 455.51
06.04.2014 454.63 465.00 450.20 459.98
07.04.2014 459.96 464.19 446.00 450.01
08.04.2014 451.79 459.80 446.24 451.00
09.04.2014 451.00 457.30 438.08 439.59
10.04.2014 439.62 444.26 381.52 381.52
11.04.2014 382.95 432.22 339.79 418.46
12.04.2014 418.48 439.50 413.72 427.99
13.04.2014 426.42 429.00 397.16 411.55
14.04.2014 410.24 475.00 408.00 460.29
15.04.2014 458.00 515.00 453.16 505.00
16.04.2014 504.97 548.00 494.02 528.11
17.04.2014 528.42 537.24 481.63 504.70
18.04.2014 506.51 508.43 470.00 485.00
19.04.2014 485.00 507.43 472.81 505.00
20.04.2014 505.00 516.53 493.00 496.20
21.04.2014 498.87 515.00 490.00 497.00
22.04.2014 496.95 504.90 486.44 489.50
23.04.2014 489.04 495.20 484.61 491.31
24.04.2014 491.31 499.00 480.00 497.25
25.04.2014 498.32 505.00 438.05 463.50
26.04.2014 463.50 470.96 451.07 460.00
27.04.2014 460.00 461.97 438.88 447.84
28.04.2014 446.90 452.16 424.00 447.13
29.04.2014 447.49 454.47 432.02 447.32
30.04.2014 447.32 451.88 433.08 449.00
01.05.2014 449.99 465.88 444.79 460.30
02.05.2014 460.30 462.99 444.51 449.82
03.05.2014 450.00 455.78 431.00 440.73
04.05.2014 440.32 441.90 429.55 438.00
05.05.2014 438.00 445.00 425.00 431.80
06.05.2014 431.80 434.89 420.27 429.54
07.05.2014 430.91 452.00 425.67 448.16
08.05.2014 447.06 450.08 438.00 442.01
09.05.2014 442.72 457.08 437.61 452.54
10.05.2014 451.40 455.50 449.79 455.50
11.05.2014 454.57 459.24 429.60 438.51
12.05.2014 438.50 443.60 431.56 442.64
13.05.2014 442.45 443.77 430.61 438.88
14.05.2014 438.65 449.96 437.24 449.00
15.05.2014 449.00 452.67 444.00 448.29
16.05.2014 447.46 452.41 444.50 449.71
17.05.2014 449.71 451.48 445.01 450.68
18.05.2014 450.68 451.43 444.52 446.28
19.05.2014 445.43 450.00 441.44 447.08
20.05.2014 447.08 500.00 446.24 486.99
21.05.2014 486.99 499.10 484.53 494.37
22.05.2014 494.37 528.87 492.65 524.88
23.05.2014 524.88 547.10 519.97 529.11
24.05.2014 529.11 532.64 515.40 525.62
25.05.2014 525.62 586.34 524.50 570.94
26.05.2014 569.82 593.48 565.58 581.93
27.05.2014 581.93 595.00 550.22 577.36
28.05.2014 577.43 582.26 563.45 575.00
29.05.2014 575.00 582.10 560.05 571.49
30.05.2014 571.49 624.23 568.56 624.23
31.05.2014 624.23 629.40 611.00 624.78
01.06.2014 624.78 683.26 618.53 644.80
02.06.2014 644.42 673.83 613.03 670.11
03.06.2014 671.87 680.99 649.61 668.71
04.06.2014 668.71 673.87 621.86 646.00
05.06.2014 646.00 669.63 639.69 663.00
06.06.2014 663.50 664.97 647.86 654.66
07.06.2014 654.60 656.84 635.88 656.00
08.06.2014 656.11 661.11 651.70 654.80
09.06.2014 656.18 659.00 639.93 646.00
10.06.2014 646.00 657.41 642.08 645.60
11.06.2014 647.52 652.39 615.00 621.94
12.06.2014 621.94 630.36 571.00 572.00
13.06.2014 575.50 611.99 550.00 588.07
14.06.2014 588.07 593.53 538.38 558.00
15.06.2014 558.46 576.64 552.11 571.56
16.06.2014 573.80 610.00 571.01 595.01
17.06.2014 595.01 608.88 580.00 607.86
18.06.2014 607.26 616.00 599.90 607.87
19.06.2014 607.07 609.98 593.68 595.50
20.06.2014 596.63 598.68 580.51 594.01
21.06.2014 594.01 594.97 580.00 592.14
22.06.2014 592.14 605.05 587.82 599.99
23.06.2014 598.22 601.00 580.46 588.24
24.06.2014 588.24 588.67 579.99 583.00
25.06.2014 583.00 583.00 555.11 561.88
26.06.2014 563.65 574.93 554.45 573.85
27.06.2014 573.85 590.00 573.52 582.99
28.06.2014 582.99 604.21 582.27 596.90
29.06.2014 596.90 601.79 589.56 596.00
30.06.2014 596.00 647.09 595.02 640.75
01.07.2014 640.75 658.88 636.00 647.86
02.07.2014 649.61 658.75 638.00 650.00
03.07.2014 649.63 652.79 638.79 642.43
04.07.2014 642.98 650.48 616.30 627.00
05.07.2014 630.49 632.97 623.23 624.50
06.07.2014 624.50 639.00 622.86 633.48
07.07.2014 633.46 636.00 612.90 621.50
08.07.2014 621.50 626.62 616.89 623.22
09.07.2014 625.55 626.88 618.71 624.00
10.07.2014 624.00 624.35 607.90 617.99
11.07.2014 617.99 635.00 613.46 633.00
12.07.2014 633.00 642.57 628.70 636.35
13.07.2014 636.25 638.73 626.09 629.75
14.07.2014 629.75 632.00 617.70 620.36
15.07.2014 623.09 626.25 616.09 624.79
16.07.2014 624.79 625.00 610.01 614.89
17.07.2014 616.78 629.00 610.00 624.57
18.07.2014 625.32 632.70 618.46 632.23
19.07.2014 632.26 632.96 625.00 631.00
20.07.2014 631.00 631.50 620.00 623.37
21.07.2014 625.50 628.00 615.00 621.96
22.07.2014 621.96 624.99 618.91 621.95
23.07.2014 619.75 623.00 615.51 621.35
24.07.2014 620.99 622.67 591.12 602.23
25.07.2014 604.00 609.65 592.97 599.87
26.07.2014 599.33 603.00 590.00 597.00
27.07.2014 597.00 602.83 589.00 593.17
28.07.2014 594.95 596.00 570.50 589.00
29.07.2014 589.00 593.00 578.00 584.87
30.07.2014 584.87 586.00 560.13 563.79
31.07.2014 563.40 590.00 555.90 583.08
01.08.2014 584.96 607.20 581.77 600.51
02.08.2014 599.80 601.88 584.95 593.36
03.08.2014 593.40 593.99 578.21 587.00
04.08.2014 588.90 595.70 581.80 587.98
05.08.2014 587.98 589.00 578.25 579.05
06.08.2014 580.79 586.36 576.44 583.87
07.08.2014 583.79 591.90 579.00 590.00
08.08.2014 588.39 595.00 583.93 591.61
09.08.2014 590.50 591.98 585.21 590.01
10.08.2014 590.56 597.00 586.00 586.94
11.08.2014 586.94 590.99 571.00 574.02
12.08.2014 574.01 575.73 561.90 569.68
13.08.2014 569.68 572.00 524.55 547.02
14.08.2014 546.90 551.86 497.00 511.89
15.08.2014 511.88 521.79 481.55 498.45
16.08.2014 498.43 529.80 485.00 521.88
17.08.2014 521.86 524.80 485.39 490.16
18.08.2014 490.20 510.00 442.00 464.75
19.08.2014 464.59 493.98 453.01 485.56
20.08.2014 485.51 527.01 466.00 513.99
21.08.2014 513.98 534.14 510.57 525.17
22.08.2014 525.16 528.00 500.01 518.05
23.08.2014 517.99 521.00 487.00 498.49
24.08.2014 498.12 515.95 490.00 510.90
25.08.2014 510.90 510.90 496.79 504.29
26.08.2014 504.28 516.00 499.00 509.73
27.08.2014 509.66 523.09 508.28 515.11
28.08.2014 515.11 516.50 507.00 507.00
29.08.2014 507.00 514.98 501.25 508.94
30.08.2014 508.94 509.65 498.33 499.60
31.08.2014 499.60 504.75 473.33 483.00
01.09.2014 483.00 490.00 472.54 481.90
02.09.2014 481.88 484.61 470.42 477.91
03.09.2014 477.98 477.99 471.00 476.00
04.09.2014 476.00 497.00 471.04 489.20
05.09.2014 488.88 492.99 477.01 478.02
06.09.2014 478.69 485.00 473.03 480.01
07.09.2014 480.92 483.00 477.25 479.40
08.09.2014 479.41 479.46 456.30 469.41
09.09.2014 469.38 476.40 459.18 473.01
10.09.2014 472.99 492.00 471.20 480.94
11.09.2014 480.93 480.93 465.00 474.73
12.09.2014 475.20 478.00 462.00 471.51
13.09.2014 472.50 480.13 467.43 478.76
14.09.2014 479.34 481.58 474.00 474.98
15.09.2014 474.98 479.62 470.00 476.35
16.09.2014 476.63 476.64 462.00 465.19
17.09.2014 465.19 465.57 443.57 445.90
18.09.2014 445.90 453.94 407.94 428.95
19.09.2014 428.95 429.00 378.78 397.84
20.09.2014 398.65 431.11 390.00 410.60
21.09.2014 410.61 414.45 390.00 396.80
22.09.2014 396.78 409.38 394.63 404.90
23.09.2014 404.90 452.67 393.60 440.00
24.09.2014 439.74 443.90 418.83 426.97
25.09.2014 426.99 427.95 400.00 412.39
26.09.2014 412.39 414.35 396.53 406.08
27.09.2014 408.88 408.99 396.57 402.19
28.09.2014 402.96 403.99 368.90 375.73
29.09.2014 376.67 386.03 365.20 377.56
30.09.2014 376.01 397.75 366.00 388.29
01.10.2014 388.33 394.88 377.01 386.26
02.10.2014 386.24 386.24 372.95 372.95
03.10.2014 373.92 378.11 356.00 357.92
04.10.2014 357.92 365.07 322.04 329.98
05.10.2014 329.84 339.43 275.00 299.99
06.10.2014 299.64 347.00 295.89 332.92
07.10.2014 332.92 336.99 312.37 331.46
08.10.2014 330.90 354.18 326.93 351.99
09.10.2014 351.99 395.55 348.30 355.43
10.10.2014 355.43 380.08 351.10 360.00
11.10.2014 360.00 368.06 352.10 363.27
12.10.2014 363.98 383.01 354.71 379.95
13.10.2014 380.00 398.59 368.07 394.72
14.10.2014 394.72 417.99 390.00 408.61
15.10.2014 408.66 408.88 385.92 393.12
16.10.2014 393.92 399.00 370.10 382.10
17.10.2014 382.08 386.00 370.96 383.00
18.10.2014 382.98 397.29 377.00 393.15
19.10.2014 392.93 394.25 385.00 387.22
20.10.2014 387.29 391.78 376.20 383.39
21.10.2014 383.39 393.55 378.01 387.26
22.10.2014 387.18 388.87 380.00 383.22
23.10.2014 384.66 384.91 352.40 356.71
24.10.2014 355.90 363.71 344.34 356.80
25.10.2014 356.92 359.10 341.22 352.56
26.10.2014 352.68 363.00 344.50 353.52
27.10.2014 353.46 358.65 349.21 354.00
28.10.2014 353.99 359.50 349.35 354.78
29.10.2014 354.76 356.96 336.01 338.47
30.10.2014 338.44 352.83 332.99 344.76
31.10.2014 344.73 347.96 335.50 339.73
01.11.2014 339.71 339.73 316.61 323.97
02.11.2014 323.95 329.00 318.24 325.95
03.11.2014 325.96 333.99 322.00 325.38
04.11.2014 326.48 332.90 320.00 327.99
05.11.2014 328.00 344.17 327.53 339.50
06.11.2014 339.72 353.10 336.27 350.81
07.11.2014 350.73 352.15 340.40 341.97
08.11.2014 341.96 347.75 340.60 346.09
09.11.2014 347.16 361.97 343.40 360.29
10.11.2014 361.55 377.77 357.30 368.54
11.11.2014 369.46 371.52 360.28 369.43
12.11.2014 369.43 434.80 367.48 421.32
13.11.2014 421.00 453.92 381.55 419.45
14.11.2014 418.00 425.00 382.95 400.00
15.11.2014 399.98 407.22 369.00 377.98
16.11.2014 377.98 395.00 375.00 389.36
17.11.2014 389.42 415.00 375.00 389.04
18.11.2014 389.99 394.64 371.00 377.00
19.11.2014 377.00 386.39 371.70 377.39
20.11.2014 378.80 381.80 351.80 357.94
21.11.2014 357.95 358.49 342.05 351.68
22.11.2014 351.68 365.93 350.00 355.00
23.11.2014 354.97 373.50 352.73 371.76
24.11.2014 371.78 389.99 364.50 380.20
25.11.2014 380.19 395.11 374.31 378.24
26.11.2014 378.24 379.95 363.38 366.81
27.11.2014 366.74 375.33 363.39 368.05
28.11.2014 368.69 381.34 358.00 379.07
29.11.2014 379.06 386.60 372.15 376.88
30.11.2014 376.88 381.99 373.55 377.52
01.12.2014 377.40 382.31 373.03 378.47
02.12.2014 377.87 382.86 375.23 379.56
03.12.2014 379.56 383.00 374.23 377.00
04.12.2014 377.00 378.99 360.00 368.57
05.12.2014 369.85 377.89 363.99 376.74
06.12.2014 376.74 376.99 371.31 376.11
07.12.2014 376.11 377.50 373.08 377.00
08.12.2014 377.46 377.47 365.25 366.46
09.12.2014 366.99 366.99 343.97 351.86
10.12.2014 351.88 353.74 347.23 348.00
11.12.2014 347.98 364.43 339.80 348.82
12.12.2014 348.85 358.59 348.00 355.41
13.12.2014 355.43 355.50 347.03 351.93
14.12.2014 350.80 359.30 347.44 355.84
15.12.2014 355.84 358.37 346.21 349.02
16.12.2014 349.02 349.52 330.23 333.28
17.12.2014 333.28 335.99 315.23 323.68
18.12.2014 323.66 325.61 304.99 315.43
19.12.2014 315.00 319.14 307.11 319.08
20.12.2014 319.13 329.99 316.52 329.56
21.12.2014 329.83 333.00 318.78 323.30
22.12.2014 323.24 333.99 319.90 330.51
23.12.2014 330.41 338.99 327.49 335.50
24.12.2014 335.49 337.00 321.30 323.92
25.12.2014 323.91 324.23 316.63 318.25
26.12.2014 318.49 332.00 316.64 329.94
27.12.2014 330.70 330.98 311.63 317.60
28.12.2015 316.55 319.56 311.22 317.59
29.12.2015 317.59 320.14 311.61 314.58
30.12.2015 314.57 316.77 310.00 311.05
31.12.2015 311.01 319.75 310.69 318.88
01.01.2015 318.88 321.00 312.60 315.45
02.01.2015 315.27 317.01 311.96 315.92
03.01.2015 315.90 316.64 286.00 287.84
04.01.2015 288.07 289.81 255.00 259.81
05.01.2015 259.80 280.00 258.66 276.80
09.01.2015 272.45 305.00 272.45 293.16
10.01.2015 293.61 297.99 271.03 276.29
11.01.2015 276.18 280.94 265.01 268.20
12.01.2015 268.36 272.43 262.08 269.31
13.01.2015 269.31 270.19 216.00 221.79
14.01.2015 221.78 230.89 152.40 171.59
15.01.2015 171.61 233.90 161.10 207.75
16.01.2015 207.70 223.15 198.04 208.35
17.01.2015 208.75 212.84 192.17 199.40
18.01.2015 199.40 222.00 195.02 210.38
19.01.2015 210.38 220.94 207.70 217.42
20.01.2015 216.46 218.69 201.98 211.94
21.01.2015 211.77 228.37 205.00 227.44
22.01.2015 227.80 239.00 222.93 232.34
23.01.2015 232.84 240.00 225.55 232.97
24.01.2015 232.97 249.99 230.00 247.60
25.01.2015 249.37 256.50 241.33 252.00
26.01.2015 253.42 309.90 246.00 269.00
27.01.2015 270.00 278.51 243.10 263.38
28.01.2015 263.40 266.45 225.91 233.25
29.01.2015 234.70 242.18 220.00 235.82
30.01.2015 235.82 244.98 227.26 231.46
31.01.2015 231.52 234.80 224.00 224.13
01.02.2015 224.50 233.00 208.48 227.09
02.02.2015 227.33 232.88 221.79 232.84
03.02.2015 232.88 244.39 223.79 229.77
04.02.2015 229.77 231.00 220.02 225.45
05.02.2015 225.45 229.00 210.43 217.92
06.02.2015 217.91 225.86 210.59 223.95
07.02.2015 223.95 231.14 220.34 228.92
08.02.2015 229.67 232.89 217.28 224.14
09.02.2015 224.13 225.99 215.00 221.67
10.02.2015 221.66 222.00 215.00 221.53
11.02.2015 221.03 223.43 217.99 220.00
12.02.2015 219.73 223.09 218.01 222.63
13.02.2015 222.61 242.35 221.37 237.77
14.02.2015 237.76 259.31 236.50 258.61
15.02.2015 258.42 267.92 227.75 234.00
16.02.2015 234.06 241.23 229.20 236.90
17.02.2015 236.90 248.78 232.01 244.37
18.02.2015 243.11 247.00 232.01 236.34
19.02.2015 236.40 244.78 234.50 241.91
20.02.2015 241.51 249.32 239.41 245.60
21.02.2015 245.59 247.80 244.00 245.62
22.02.2015 245.41 247.42 232.48 235.99
23.02.2015 235.99 241.00 232.05 239.00
24.02.2015 238.93 240.97 236.07 239.75
25.02.2015 239.36 240.98 236.00 238.00
26.02.2015 237.99 238.55 234.01 236.50
27.02.2015 236.50 256.15 236.16 253.96
28.02.2015 253.97 254.56 245.20 253.42
01.03.2015 253.57 260.25 245.00 256.10
02.03.2015 257.44 275.00 254.42 272.84
03.03.2015 272.82 284.95 265.89 281.49
04.03.2015 281.50 283.88 264.94 271.87
05.03.2015 271.38 280.50 262.20 272.97
06.03.2015 273.02 276.46 269.00 272.75
07.03.2015 272.36 279.48 270.00 276.24
08.03.2015 275.50 277.59 271.12 275.01
09.03.2015 275.01 289.00 273.83 285.72
10.03.2015 285.75 296.80 283.96 291.38
11.03.2015 291.40 295.58 285.83 295.58
12.03.2015 295.59 297.95 289.00 294.58
13.03.2015 294.58 296.17 282.99 287.44
14.03.2015 287.25 287.69 280.46 283.18
15.03.2015 282.79 287.75 281.42 286.91
16.03.2015 286.48 294.26 285.67 290.01
17.03.2015 290.02 292.99 281.90 284.49
18.03.2015 284.50 284.50 249.02 256.77
19.03.2015 256.72 265.95 249.00 261.75
20.03.2015 261.49 265.27 257.00 262.07
21.03.2015 262.04 262.69 256.25 259.48
22.03.2015 259.42 269.37 259.24 268.38
23.03.2015 268.38 272.00 259.50 266.92
24.03.2015 266.85 266.86 241.84 248.16
25.03.2015 248.16 250.00 236.40 246.94
26.03.2015 246.95 253.75 244.91 249.43
27.03.2015 249.22 250.52 245.12 248.29
28.03.2015 248.77 253.83 247.17 253.10
29.03.2015 252.42 252.96 240.22 242.09
30.03.2015 242.56 248.86 236.52 246.29
31.03.2015 246.27 248.59 238.55 244.97
01.04.2015 244.94 246.74 239.32 246.23
02.04.2015 246.23 256.96 244.52 251.91
03.04.2015 251.69 256.67 250.90 253.42
04.04.2015 253.70 255.85 250.76 253.15
05.04.2015 253.29 260.02 251.65 257.40
06.04.2015 257.39 262.98 254.00 255.67
07.04.2015 255.68 256.62 251.50 254.48
08.04.2015 254.50 254.96 243.06 245.76
09.04.2015 245.76 246.30 238.47 242.68
10.04.2015 242.68 243.94 231.00 234.95
11.04.2015 234.93 239.42 233.00 235.50
12.04.2015 235.48 237.50 233.42 236.29
13.04.2015 236.50 236.90 219.64 221.30
14.04.2015 221.18 224.80 210.00 213.57
15.04.2015 213.57 222.43 213.23 220.23
16.04.2015 220.05 229.67 218.50 228.90
17.04.2015 228.89 229.14 220.00 222.70
18.04.2015 222.69 224.72 220.32 223.54
19.04.2015 223.47 227.35 221.91 222.89
20.04.2015 222.89 226.51 221.43 223.43
21.04.2015 223.48 235.61 223.02 233.50
22.04.2015 233.49 238.64 229.10 232.00
23.04.2015 232.10 236.22 231.04 234.83
24.04.2015 234.62 236.00 228.00 230.43
25.04.2015 230.43 232.29 225.70 226.97
26.04.2015 226.98 227.26 214.98 219.60
27.04.2015 219.52 229.90 217.52 229.61
28.04.2015 229.74 229.93 221.45 224.75
29.04.2015 224.58 226.99 221.81 226.17
30.04.2015 226.13 240.00 224.60 235.94
01.05.2015 236.13 239.23 232.57 234.26
02.05.2015 234.12 234.79 229.87 234.51
03.05.2015 234.17 242.25 232.31 239.18
04.05.2015 239.00 242.20 236.07 237.05
05.05.2015 237.05 238.99 229.66 234.77
06.05.2015 234.65 235.98 227.10 230.14
07.05.2015 230.34 240.00 227.01 238.01
08.05.2015 238.01 246.57 235.29 243.59
09.05.2015 243.65 247.01 238.62 242.55
10.05.2015 242.63 244.99 238.02 240.07
11.05.2015 240.09 244.51 237.99 241.42
12.05.2015 241.33 242.00 237.54 241.51
13.05.2015 241.51 244.14 235.68 235.75
14.05.2015 235.75 239.70 232.22 236.68
15.05.2015 236.68 239.28 236.05 237.39
16.05.2015 237.39 237.40 234.00 235.95
17.05.2015 235.78 237.00 234.15 235.73
18.05.2015 235.75 236.94 231.44 232.37
19.05.2015 232.40 234.24 230.86 232.38
20.05.2015 232.37 234.86 231.00 233.54
21.05.2015 233.77 236.52 233.01 235.21
22.05.2015 235.32 240.90 232.92 238.10
23.05.2015 238.10 240.67 237.40 238.20
24.05.2015 238.46 241.64 237.66 239.82
25.05.2015 239.97 240.67 233.10 235.56
26.05.2015 235.56 237.96 234.00 236.00
27.05.2015 235.90 237.35 234.00 234.99
28.05.2015 234.99 236.79 234.87 236.57
29.05.2015 236.69 236.80 234.00 235.78
30.05.2015 235.78 236.21 231.00 231.83
31.05.2015 231.56 232.51 229.99 230.36
01.06.2015 230.29 231.20 220.65 221.46
02.06.2015 221.57 226.38 221.34 225.20
03.06.2015 225.02 226.99 222.57 225.33
04.06.2015 225.50 225.98 222.74 223.92
05.06.2015 223.90 225.90 219.03 224.99
06.06.2015 224.86 225.26 223.07 224.49
07.06.2015 224.48 225.48 221.86 222.08
08.06.2015 222.54 229.40 222.09 228.14
09.06.2015 228.14 230.79 226.67 229.86
10.06.2015 229.86 229.88 226.83 228.00
11.06.2015 228.00 229.57 226.95 228.88
12.06.2015 228.90 230.70 228.01 229.84
13.06.2015 229.84 232.02 228.06 232.00
14.06.2015 231.94 234.00 230.94 231.45
15.06.2015 231.45 237.09 231.00 236.01
16.06.2015 236.00 252.05 234.35 245.30
17.06.2015 245.40 257.39 244.97 246.75
18.06.2015 246.86 251.58 240.00 247.04
19.06.2015 247.04 249.93 244.15 245.85
20.06.2015 245.85 245.95 239.93 244.50
21.06.2015 244.40 245.00 241.06 243.05
22.06.2015 243.14 247.99 242.64 247.20
23.06.2015 247.19 247.67 242.14 244.49
24.06.2015 244.56 244.59 238.20 240.75
25.06.2015 240.59 242.90 239.18 241.20
26.06.2015 241.25 242.50 240.00 242.50
27.06.2015 242.50 250.99 242.26 250.71
28.06.2015 250.77 252.00 247.04 248.34
29.06.2015 248.33 256.94 248.04 254.78
30.06.2015 254.80 268.00 254.22 263.21
01.07.2015 263.26 265.25 253.81 258.27
02.07.2015 258.31 260.77 253.19 254.50
03.07.2015 254.50 256.44 252.40 256.02
04.07.2015 255.77 261.00 254.05 261.00
05.07.2015 261.00 274.74 258.75 270.78
06.07.2015 270.78 278.54 267.13 274.85
07.07.2015 274.84 274.85 264.01 265.52
08.07.2015 265.39 273.24 263.01 266.66
09.07.2015 266.66 271.98 265.92 269.85
10.07.2015 269.85 294.71 268.63 285.77
11.07.2015 286.50 298.05 283.85 292.31
12.07.2015 292.31 317.99 291.64 307.97
13.07.2015 307.94 311.64 281.00 292.22
14.07.2015 292.38 297.13 286.02 289.15
15.07.2015 289.30 293.70 287.15 290.86
16.07.2015 290.78 292.40 274.92 280.00
17.07.2015 280.01 280.73 272.31 279.00
18.07.2015 278.90 283.00 276.76 276.79
19.07.2015 276.79 278.10 275.18 275.18
20.07.2015 275.18 279.16 274.62 277.79
21.07.2015 277.97 281.07 277.38 278.97
22.07.2015 278.91 278.99 275.00 276.37
23.07.2015 276.36 278.55 275.79 276.07
24.07.2015 276.07 289.70 275.90 289.43
25.07.2015 289.43 292.00 286.50 288.26
26.07.2015 288.24 294.00 287.36 292.72
27.07.2015 292.57 297.28 286.43 296.25
28.07.2015 296.38 297.44 292.19 294.20
29.07.2015 293.88 294.69 287.27 291.26
30.07.2015 291.14 291.32 284.53 287.34
31.07.2015 287.34 289.00 281.80 284.66
01.08.2015 284.66 285.16 276.66 280.57
02.08.2015 280.57 282.00 276.57 281.33
03.08.2015 281.56 285.80 279.52 283.50
04.08.2015 283.79 285.88 280.26 285.17
05.08.2015 285.35 285.86 280.63 281.99
06.08.2015 281.99 281.99 276.80 277.61
07.08.2015 277.88 280.43 274.19 279.54
08.08.2015 279.41 279.97 266.80 267.04
09.08.2015 266.81 268.95 260.41 264.66
10.08.2015 264.56 266.79 261.60 264.19
11.08.2015 264.19 268.99 263.07 268.86
12.08.2015 268.86 271.50 265.71 270.13
13.08.2015 269.63 270.41 262.32 264.99
14.08.2015 264.99 266.99 262.00 266.45
15.08.2015 266.27 266.50 262.44 262.44
16.08.2015 262.44 263.06 254.01 256.98
17.08.2015 256.67 259.12 254.63 256.21
18.08.2015 256.21 256.99 247.00 251.88
19.08.2015 251.42 251.88 221.11 225.47
20.08.2015 224.66 236.66 223.00 236.23
21.08.2015 235.72 236.66 231.77 233.36
22.08.2015 233.14 235.20 223.01 230.57
23.08.2015 230.28 234.03 225.85 228.01
24.08.2015 227.82 228.99 207.73 209.63
25.08.2015 209.60 228.04 198.12 221.71
26.08.2015 221.69 231.09 219.77 226.09
27.08.2015 225.95 228.89 223.17 227.01
28.08.2015 227.05 235.93 220.29 233.25
29.08.2015 233.25 233.90 226.67 228.73
30.08.2015 228.52 232.75 225.04 226.97
31.08.2015 226.94 232.49 224.39 230.40
01.09.2015 230.15 231.67 226.17 227.25
02.09.2015 227.11 230.77 226.00 229.38
03.09.2015 229.44 229.96 226.50 227.11
04.09.2015 226.95 231.40 226.33 230.77
05.09.2015 230.92 237.22 229.23 235.55
06.09.2015 235.54 244.20 235.02 241.24
07.09.2015 241.23 242.91 238.44 241.22
08.09.2015 241.32 246.24 239.89 243.99
09.09.2015 244.00 244.22 237.01 238.48
10.09.2015 238.48 241.65 234.78 238.87
11.09.2015 238.87 240.94 237.50 239.95
12.09.2015 239.95 240.02 233.02 235.83
13.09.2015 235.83 236.15 228.00 228.99
14.09.2015 228.99 232.92 223.99 230.91
15.09.2015 230.91 231.21 226.50 229.14
16.09.2015 229.31 230.50 223.00 227.99
17.09.2015 227.70 235.00 227.00 232.60
18.09.2015 232.60 234.40 230.83 232.88
19.09.2015 232.87 233.80 229.98 230.50
20.09.2015 230.50 231.70 229.01 229.60
21.09.2015 229.60 230.44 225.00 226.04
22.09.2015 226.14 231.96 223.12 229.44
23.09.2015 229.52 231.50 228.00 229.79
24.09.2015 229.03 235.52 228.53 233.73
25.09.2015 233.73 237.25 232.00 234.39
26.09.2015 234.31 235.67 233.00 234.61
27.09.2015 234.08 234.67 231.16 232.56
28.09.2015 232.02 239.68 231.58 238.85
29.09.2015 238.65 240.56 235.09 237.23
30.09.2015 236.77 238.27 234.67 236.84
01.10.2015 236.84 239.44 235.01 237.50
02.10.2015 237.96 239.06 235.00 237.32
03.10.2015 237.51 239.86 236.30 239.66
04.10.2015 239.11 239.98 237.75 238.40
05.10.2015 238.54 240.25 236.10 240.25
06.10.2015 240.25 248.19 239.52 246.09
07.10.2015 245.88 247.65 242.30 243.57
08.10.2015 243.71 244.76 242.06 243.78
09.10.2015 243.76 244.95 242.16 244.03
10.10.2015 244.54 246.43 243.00 245.76
11.10.2015 245.76 248.46 244.53 247.21
12.10.2015 247.89 248.50 245.01 245.78
13.10.2015 245.79 250.89 242.82 248.99
14.10.2015 248.99 255.93 248.06 253.82
15.10.2015 254.14 256.50 250.30 254.43
16.10.2015 254.54 267.00 253.60 261.50
17.10.2015 261.33 273.00 259.73 268.10
18.10.2015 268.08 271.17 260.00 262.00
19.10.2015 262.00 266.01 259.82 263.28
20.10.2015 263.34 272.95 262.67 268.34
21.10.2015 268.34 272.69 264.00 268.36
22.10.2015 268.20 280.04 267.26 274.31
23.10.2015 274.30 280.19 273.46 277.09
24.10.2015 276.97 281.60 276.26 279.99
25.10.2015 279.41 296.00 279.17 287.67
26.10.2015 288.48 288.83 279.25 286.37
27.10.2015 286.18 300.00 285.40 295.18
28.10.2015 295.18 308.48 294.18 304.61
29.10.2015 304.60 319.60 301.70 315.87
30.10.2015 315.62 334.05 313.00 327.08
31.10.2015 327.38 334.67 302.99 309.77
01.11.2015 309.77 329.85 303.01 326.43
02.11.2015 326.18 368.74 320.00 363.00
03.11.2015 363.94 420.77 359.31 401.86
04.11.2015 401.89 502.00 368.11 396.00
05.11.2015 394.99 448.79 364.37 391.47
06.11.2015 389.71 396.67 353.26 374.30
07.11.2015 374.04 392.82 369.01 386.98
08.11.2015 386.50 390.47 366.18 373.44
09.11.2015 373.65 386.79 360.54 380.83
10.11.2015 380.82 381.74 323.63 333.89
11.11.2015 332.97 341.41 294.00 303.27
12.11.2015 303.27 344.78 298.00 331.95
13.11.2015 331.91 342.00 325.00 339.22
14.11.2015 339.22 356.10 328.00 337.54
15.11.2015 337.73 339.10 314.60 320.29
16.11.2015 320.26 332.20 315.00 328.53
17.11.2015 328.54 350.44 327.55 337.61
18.11.2015 337.63 337.89 330.28 335.60
19.11.2015 335.61 337.09 325.88 327.79
20.11.2015 326.93 327.80 310.00 320.93
21.11.2015 320.93 328.94 318.52 324.49
22.11.2015 324.49 326.60 320.13 323.49
23.11.2015 323.48 326.09 320.39 323.44
24.11.2015 323.05 323.50 317.00 319.81
25.11.2015 319.13 330.84 316.00 327.85
26.11.2015 327.81 369.70 327.28 351.03
27.11.2015 351.04 364.80 347.84 359.43
28.11.2015 359.43 360.49 350.41 355.21
29.11.2015 355.21 372.78 354.45 371.58
30.11.2015 372.21 383.00 367.11 378.31
01.12.2015 378.57 379.00 354.56 363.00
02.12.2015 363.17 363.17 348.64 359.92
03.12.2015 359.63 370.53 356.21 361.35
04.12.2015 361.45 364.30 355.92 362.41
05.12.2015 362.44 389.89 361.14 388.11
06.12.2015 389.00 399.85 380.74 392.44
07.12.2015 391.44 399.91 381.01 395.98
08.12.2015 395.66 397.99 388.33 395.54
09.12.2015 395.59 424.95 395.14 417.23
10.12.2015 416.90 419.79 408.91 416.18
11.12.2015 416.18 454.36 415.13 449.17
12.12.2015 449.06 467.80 403.00 434.10
13.12.2015 434.10 442.97 422.03 434.30
14.12.2015 434.80 448.12 428.42 442.67
15.12.2015 442.38 464.99 440.72 462.50
16.12.2015 462.50 465.00 436.89 454.06
17.12.2015 454.08 458.84 448.75 454.86
18.12.2015 455.79 466.64 453.50 463.00
19.12.2015 463.28 465.90 452.03 461.34
20.12.2015 461.29 462.00 433.83 442.18
21.12.2015 442.92 450.00 425.52 435.14
22.12.2015 435.24 443.58 433.06 435.24
23.12.2015 435.22 445.52 434.43 442.70
24.12.2015 442.56 459.54 442.09 455.12
25.12.2015 455.02 458.33 448.00 456.23
26.12.2015 455.84 457.45 407.25 415.74
27.12.2016 416.88 425.42 410.50 424.79
28.12.2016 424.79 429.86 417.01 421.44
29.12.2016 421.51 433.17 418.55 427.93
30.12.2016 428.71 434.97 420.75 428.00
31.12.2016 428.00 433.89 419.99 431.26
01.01.2016 431.29 436.00 427.20 433.55
02.01.2016 433.55 435.99 430.42 433.54
03.01.2016 433.29 434.17 424.06 429.74
04.01.2016 428.42 435.86 428.42 435.00
05.01.2016 435.24 435.50 429.50 432.55
06.01.2016 432.11 432.67 426.54 431.60
07.01.2016 431.60 457.14 429.11 454.74
08.01.2016 455.71 465.00 444.51 453.70
09.01.2016 453.70 454.00 446.68 450.89
10.01.2016 450.89 450.89 440.80 446.76
11.01.2016 447.11 451.13 438.00 448.59
12.01.2016 448.41 449.00 442.88 446.61
13.01.2016 446.48 446.97 424.50 433.09
14.01.2016 432.85 434.00 427.00 429.94
15.01.2016 429.84 429.89 365.00 368.70
16.01.2016 366.83 387.50 352.00 383.04
17.01.2016 382.77 392.07 376.00 386.70
18.01.2016 386.70 388.50 373.63 385.91
19.01.2016 385.91 386.92 375.59 380.18
20.01.2016 379.63 416.16 372.53 416.16
21.01.2016 416.16 422.98 404.59 412.14
22.01.2016 412.14 412.14 374.45 378.20
23.01.2016 378.20 395.00 377.00 389.98
24.01.2016 389.55 405.97 382.88 402.65
25.01.2016 402.74 403.85 385.50 392.60
26.01.2016 392.71 397.70 388.00 396.00
27.01.2016 395.98 397.00 386.20 395.00
28.01.2016 394.50 395.56 376.00 378.69
29.01.2016 378.67 383.99 363.73 379.98
30.01.2016 379.98 380.42 372.95 376.59
31.01.2016 375.50 379.30 372.72 374.71
01.02.2016 374.72 378.20 364.70 371.67
02.02.2016 371.67 375.00 369.73 372.81
03.02.2016 373.22 374.00 365.00 367.30
04.02.2016 366.95 391.88 366.72 387.99
05.02.2016 388.94 390.50 382.99 385.89
06.02.2016 385.22 385.90 371.35 375.01
07.02.2016 375.01 380.00 373.04 374.67
08.02.2016 374.67 378.99 370.19 370.38
09.02.2016 370.69 377.00 369.12 373.60
10.02.2016 373.61 383.85 372.11 379.18
11.02.2016 379.18 380.50 373.54 377.00
12.02.2016 377.00 383.00 375.38 382.66
13.02.2016 382.66 390.08 382.00 388.94
14.02.2016 389.64 404.00 388.12 403.52
15.02.2016 403.26 409.71 393.40 397.99
16.02.2016 397.99 407.80 396.00 406.48
17.02.2016 406.70 421.11 404.00 417.94
18.02.2016 417.60 424.90 412.02 421.50
19.02.2016 421.50 422.00 414.00 418.26
20.02.2016 418.94 443.96 418.29 437.98
21.02.2016 438.50 447.99 425.98 437.72
22.02.2016 438.88 439.50 431.15 436.68
23.02.2016 437.51 440.00 414.00 420.93
24.02.2016 420.93 424.28 409.07 423.68
25.02.2016 423.89 426.75 415.79 423.00
26.02.2016 422.63 428.38 418.01 427.30
27.02.2016 427.30 435.00 426.59 431.06
28.02.2016 431.06 435.00 422.29 431.84
29.02.2016 431.64 440.99 428.12 435.95
01.03.2016 435.97 437.50 427.01 431.85
02.03.2016 431.85 434.50 424.11 426.00
03.03.2016 426.10 426.38 415.85 420.33
04.03.2016 420.33 423.90 407.55 408.00
05.03.2016 408.70 411.03 382.00 402.42
06.03.2016 402.00 412.31 393.11 408.76
07.03.2016 408.76 414.96 403.00 413.98
08.03.2016 413.90 414.99 408.46 412.00
09.03.2016 412.00 413.51 408.75 412.55
10.03.2016 412.34 416.90 409.31 416.56
11.03.2016 416.56 421.91 415.11 418.84
12.03.2016 418.85 420.93 406.59 410.69
13.03.2016 410.66 417.00 409.62 412.58
14.03.2016 412.58 415.22 410.50 414.00
15.03.2016 414.00 417.43 412.15 415.75
16.03.2016 415.75 416.50 413.15 416.00
17.03.2016 416.01 419.00 415.11 418.46
18.03.2016 418.46 418.49 403.34 407.48
19.03.2016 407.51 409.95 404.10 406.70
20.03.2016 406.70 412.00 406.30 411.08
21.03.2016 410.53 411.96 406.50 410.98
22.03.2016 410.98 416.99 409.90 416.16
23.03.2016 416.16 419.00 413.44 417.85
24.03.2016 417.85 418.38 412.85 415.17
25.03.2016 415.48 416.92 412.00 416.03
26.03.2016 416.50 416.99 414.00 415.75
27.03.2016 416.04 427.99 415.77 425.00
28.03.2016 424.99 425.25 420.32 422.28
29.03.2016 422.08 424.37 407.22 413.94
30.03.2016 414.75 416.20 408.59 414.06
31.03.2016 414.00 416.99 411.40 415.46
01.04.2016 415.46 416.99 413.42 415.05
02.04.2016 415.30 420.00 414.42 418.82
03.04.2016 418.81 419.44 416.10 418.28
04.04.2016 418.20 419.78 416.00 419.04
05.04.2016 418.52 423.00 416.61 421.97
06.04.2016 421.97 422.90 420.00 421.69
07.04.2016 421.69 421.99 418.21 421.33
08.04.2016 421.35 423.99 416.26 419.04
09.04.2016 419.02 420.69 412.00 417.91
10.04.2016 417.91 421.79 417.16 420.55
11.04.2016 420.55 422.65 418.00 421.02
12.04.2016 421.45 426.67 421.00 425.29
13.04.2016 425.53 426.18 422.94 424.49
14.04.2016 424.57 425.35 420.57 424.04
15.04.2016 424.06 430.00 423.07 429.15
16.04.2016 428.77 432.87 381.47 429.92
17.04.2016 429.92 430.93 377.87 427.69
18.04.2016 427.33 430.01 425.00 427.90
19.04.2016 427.90 432.50 426.24 431.60
20.04.2016 431.60 444.00 431.07 442.14
21.04.2016 442.12 452.11 440.00 449.90
22.04.2016 449.90 452.00 442.96 447.43
23.04.2016 447.43 449.81 444.46 449.28
24.04.2016 449.28 470.02 447.06 457.50
25.04.2016 457.71 468.30 455.13 467.52
26.04.2016 468.10 469.87 462.13 466.61
27.04.2016 466.80 469.03 446.13 450.00
28.04.2016 449.34 451.92 435.00 449.00
29.04.2016 449.00 456.00 445.62 455.21
30.04.2016 455.63 456.90 447.27 449.22
01.05.2016 450.07 453.78 446.50 452.92
02.05.2016 452.97 453.80 438.59 445.40
03.05.2016 445.37 452.00 440.78 451.00
04.05.2016 451.00 452.00 444.15 447.31
05.05.2016 446.65 449.72 445.11 449.47
06.05.2016 448.72 463.97 447.03 458.98
07.05.2016 458.97 461.41 455.95 459.25
08.05.2016 458.59 460.09 455.95 457.92
09.05.2016 457.39 464.79 455.62 460.18
10.05.2016 460.18 463.00 447.38 452.40
11.05.2016 452.46 457.99 449.70 451.78
12.05.2016 451.71 453.96 448.88 453.96
13.05.2016 453.96 456.65 452.04 456.48
14.05.2016 456.54 457.25 453.51 456.33
15.05.2016 456.33 458.08 454.72 457.41
16.05.2016 456.79 458.00 451.11 454.88
17.05.2016 454.48 456.09 452.44 452.63
18.05.2016 453.39 455.68 452.00 454.06
19.05.2016 454.06 454.31 441.05 441.16
20.05.2016 442.15 444.41 435.03 441.99
21.05.2016 441.93 443.98 435.28 443.74
22.05.2016 443.74 443.89 435.00 438.50
23.05.2016 438.50 442.90 436.27 442.35
24.05.2016 441.47 446.37 441.00 445.16
25.05.2016 444.90 449.60 443.97 448.21
26.05.2016 448.36 452.52 446.80 451.96
27.05.2016 452.48 478.16 451.78 473.67
28.05.2016 472.42 510.46 468.00 505.55
29.05.2016 508.98 540.00 485.00 515.00
30.05.2016 514.21 535.00 501.00 525.00
31.05.2016 525.00 548.50 515.00 525.00
01.06.2016 525.00 542.87 518.00 535.46
02.06.2016 535.46 540.00 529.13 537.41
03.06.2016 536.49 578.37 535.74 572.99
04.06.2016 572.99 588.71 558.54 574.23
05.06.2016 574.24 582.00 566.00 571.57
06.06.2016 571.55 586.02 570.09 581.92
07.06.2016 581.94 594.44 563.00 575.20
08.06.2016 575.37 582.77 571.86 581.24
09.06.2016 581.35 584.25 572.97 575.29
10.06.2016 574.41 580.00 572.00 577.31
11.06.2016 578.05 587.09 575.44 583.60
12.06.2016 582.96 677.88 582.11 669.25
13.06.2016 667.04 725.00 655.02 705.33
14.06.2016 705.00 707.02 655.00 687.13
15.06.2016 688.78 695.77 672.12 693.24
16.06.2016 692.14 770.00 689.80 769.00
17.06.2016 768.11 778.70 706.37 741.89
18.06.2016 741.02 778.85 723.02 751.39
19.06.2016 749.10 764.93 740.11 761.78
20.06.2016 761.49 764.00 725.00 734.98
21.06.2016 734.98 736.84 625.00 648.16
22.06.2016 655.99 677.63 608.03 616.00
23.06.2016 616.00 632.67 1.50 619.85
24.06.2016 619.23 683.88 617.00 655.62
25.06.2016 655.58 684.45 639.40 657.71
26.06.2016 658.23 667.49 608.64 625.98
27.06.2016 624.98 649.98 618.03 646.64
28.06.2016 646.99 665.51 635.50 647.50
29.06.2016 647.50 649.14 621.09 633.00
30.06.2016 633.00 671.22 628.06 663.67
01.07.2016 663.99 684.10 659.71 676.67
02.07.2016 676.99 704.93 672.74 704.12
03.07.2016 703.42 704.99 646.29 660.15
04.07.2016 661.00 682.35 640.10 678.91
05.07.2016 678.98 682.36 661.57 669.51
06.07.2016 669.53 679.00 662.13 675.98
07.07.2016 675.30 678.43 605.50 629.98
08.07.2016 628.85 661.00 626.00 658.51
09.07.2016 657.00 665.99 626.00 649.93
10.07.2016 651.98 655.87 636.80 648.80
11.07.2016 647.00 659.60 639.31 648.50
12.07.2016 648.25 678.00 644.14 671.00
13.07.2016 670.99 675.00 654.52 659.83
14.07.2016 659.83 664.93 650.01 660.00
15.07.2016 660.00 670.01 658.41 665.48
16.07.2016 667.80 667.80 655.00 663.00
17.07.2016 661.48 684.19 660.34 678.88
18.07.2016 678.42 682.21 666.12 673.86
19.07.2016 673.86 675.81 666.00 669.96
20.07.2016 669.11 675.00 660.00 665.61
21.07.2016 665.61 668.00 660.10 664.50
22.07.2016 663.61 666.30 649.74 653.47
23.07.2016 653.47 656.77 645.00 655.27
24.07.2016 655.27 665.00 651.99 662.18
25.07.2016 662.00 662.00 652.28 656.97
26.07.2016 655.76 656.94 645.01 653.92
27.07.2016 653.92 659.98 646.31 655.76
28.07.2016 655.76 657.89 652.41 653.96
29.07.2016 656.05 657.47 653.00 657.43
30.07.2016 656.94 657.50 652.19 653.01
31.07.2016 654.33 654.71 625.19 628.62
01.08.2016 629.88 632.32 609.98 614.91
02.08.2016 614.91 617.10 549.03 550.00
03.08.2016 551.40 572.34 465.28 564.21
04.08.2016 565.12 582.00 552.00 568.75
05.08.2016 567.50 583.97 562.00 574.72
06.08.2016 574.72 590.26 562.56 586.01
07.08.2016 586.04 598.82 582.12 589.65
08.08.2016 590.28 594.86 583.58 590.22
09.08.2016 590.51 591.99 579.43 584.02
10.08.2016 584.93 603.00 580.01 595.93
11.08.2016 595.66 597.78 585.55 590.96
12.08.2016 590.96 591.19 580.47 585.03
13.08.2016 585.09 589.98 581.71 583.86
14.08.2016 583.63 585.57 556.24 567.00
15.08.2016 568.01 573.69 554.90 565.61
16.08.2016 565.40 579.80 563.00 576.59
17.08.2016 577.08 578.97 566.02 571.48
18.08.2016 571.38 575.87 568.79 572.15
19.08.2016 571.83 574.86 552.30 571.98
20.08.2016 571.92 578.99 568.52 578.41
21.08.2016 578.99 583.99 576.01 576.30
22.08.2016 576.30 585.95 572.50 583.06
23.08.2016 582.80 584.99 576.00 580.99
24.08.2016 580.63 582.10 575.40 578.19
25.08.2016 577.60 578.75 571.16 576.14
26.08.2016 576.15 582.46 574.10 577.58
27.08.2016 577.58 579.09 564.81 569.94
28.08.2016 569.94 572.91 566.80 571.99
29.08.2016 572.00 575.00 570.20 571.46
30.08.2016 571.46 576.50 568.55 576.47
31.08.2016 576.50 576.50 568.40 572.61
01.09.2016 571.62 573.21 566.86 569.86
02.09.2016 569.50 574.20 567.03 572.00
03.09.2016 571.06 597.72 569.01 596.00
04.09.2016 597.00 609.05 590.88 600.33
05.09.2016 601.74 607.65 592.46 604.96
06.09.2016 604.96 609.74 601.00 607.04
07.09.2016 607.03 615.92 604.70 614.45
08.09.2016 614.06 628.98 611.66 624.35
09.09.2016 624.33 627.49 612.93 623.16
10.09.2016 623.16 625.00 618.67 623.75
11.09.2016 623.75 628.99 594.63 602.98
12.09.2016 603.00 609.15 602.00 606.05
13.09.2016 606.50 609.61 603.28 609.51
14.09.2016 609.51 610.69 605.57 610.20
15.09.2016 610.20 610.20 602.30 606.26
16.09.2016 606.25 608.99 603.50 606.32
17.09.2016 607.32 607.60 601.10 602.31
18.09.2016 602.41 609.06 601.97 607.47
19.09.2016 608.77 609.50 603.00 606.84
20.09.2016 607.90 608.88 605.36 607.71
21.09.2016 607.70 607.90 592.10 594.80
22.09.2016 594.80 596.42 592.50 595.03
23.09.2016 594.98 602.90 593.00 602.58
24.09.2016 601.31 603.59 597.76 600.98
25.09.2016 600.98 601.99 596.00 597.29
26.09.2016 599.00 607.27 596.10 604.90
27.09.2016 604.68 608.37 600.02 604.02
28.09.2016 603.93 605.30 601.41 603.09
29.09.2016 603.13 605.99 601.00 605.90
30.09.2016 605.97 606.62 603.15 604.39
01.10.2016 605.84 614.28 604.49 611.28
02.10.2016 611.21 613.21 605.00 607.92
03.10.2016 608.08 611.59 606.60 610.90
04.10.2016 610.79 612.98 604.99 606.48
05.10.2016 607.15 612.00 605.76 610.99
06.10.2016 609.95 610.99 607.09 609.81
07.10.2016 609.86 616.34 607.52 614.85
08.10.2016 613.22 616.99 612.50 614.04
09.10.2016 614.14 614.98 610.00 613.11
10.10.2016 611.79 616.47 611.48 614.73
11.10.2016 614.73 639.00 613.94 636.11
12.10.2016 636.98 640.00 628.76 635.23
13.10.2016 634.18 636.00 630.00 634.95
14.10.2016 634.88 639.99 630.45 638.98
15.10.2016 638.97 642.00 635.25 635.25
16.10.2016 635.50 641.40 635.18 639.00
17.10.2016 639.00 639.99 632.10 636.13
18.10.2016 636.13 637.80 631.52 632.90
19.10.2016 632.85 638.04 624.13 626.89
20.10.2016 626.98 630.22 625.00 628.55
21.10.2016 628.55 632.36 627.50 629.00
22.10.2016 628.99 653.00 628.57 649.28
23.10.2016 649.28 656.00 647.20 649.60
24.10.2016 649.31 652.25 640.00 649.04
25.10.2016 649.05 654.49 643.00 653.78
26.10.2016 653.03 677.00 645.97 670.30
27.10.2016 670.03 685.89 660.68 679.86
28.10.2016 679.61 687.23 677.05 685.01
29.10.2016 685.01 717.99 682.59 711.00
30.10.2016 713.00 715.00 691.49 694.02
31.10.2016 694.02 706.97 683.60 697.75
01.11.2016 697.59 737.00 695.38 725.01
02.11.2016 725.01 735.00 717.32 735.00
03.11.2016 732.00 745.19 670.32 675.48
04.11.2016 675.58 707.67 671.07 702.98
05.11.2016 702.82 707.34 694.71 702.71
06.11.2016 701.36 714.36 697.92 710.01
07.11.2016 709.99 712.20 698.26 706.50
08.11.2016 705.30 712.92 701.02 709.14
09.11.2016 709.13 740.86 705.45 719.79
10.11.2016 719.79 722.00 707.00 712.00
11.11.2016 712.00 720.94 712.00 715.84
12.11.2016 715.84 716.39 701.00 702.50
13.11.2016 702.49 703.00 683.23 700.03
14.11.2016 700.02 705.89 697.14 705.03
15.11.2016 705.03 716.54 702.86 710.80
16.11.2016 710.80 742.87 708.44 737.17
17.11.2016 737.17 749.98 732.22 736.30
18.11.2016 735.10 752.95 731.31 748.49
19.11.2016 748.49 755.07 742.63 749.55
20.11.2016 750.57 753.82 714.00 727.02
21.11.2016 727.03 739.20 727.02 738.30
22.11.2016 738.26 750.00 730.27 749.68
23.11.2016 748.22 749.98 729.92 740.74
24.11.2016 740.57 741.15 729.00 735.70
25.11.2016 735.71 735.71 728.00 734.61
26.11.2016 735.60 737.56 722.30 729.86
27.11.2016 729.86 732.00 722.44 726.98
28.11.2016 726.98 732.44 724.10 730.63
29.11.2016 729.08 733.29 721.00 730.81
30.11.2016 730.98 744.49 727.00 742.06
01.12.2016 742.06 754.98 740.18 751.27
02.12.2016 751.27 778.07 750.10 770.96
03.12.2016 769.72 770.99 752.41 761.05
04.12.2016 762.41 762.97 752.41 759.76
05.12.2016 759.76 762.09 743.00 751.75
06.12.2016 751.58 759.90 747.99 758.61
07.12.2016 758.59 769.61 751.78 766.00
08.12.2016 766.00 772.01 762.29 767.96
09.12.2016 768.44 773.99 766.29 769.57
10.12.2016 769.13 774.12 767.99 771.85
11.12.2016 772.91 773.04 764.01 768.19
12.12.2016 768.19 779.00 768.18 777.07
13.12.2016 777.07 793.27 765.10 778.83
14.12.2016 778.65 781.00 770.74 774.65
15.12.2016 775.25 779.08 771.00 774.60
16.12.2016 774.52 782.46 771.24 780.79
17.12.2016 780.82 790.88 780.00 788.72
18.12.2016 788.72 790.99 780.00 788.00
19.12.2016 788.17 794.39 786.88 790.72
20.12.2016 790.60 795.00 787.10 795.00
21.12.2016 795.00 830.01 795.00 827.06
22.12.2016 827.06 875.00 826.01 861.99
23.12.2016 861.99 920.00 858.93 915.33
24.12.2016 917.32 918.50 878.89 892.64
25.12.2016 892.64 895.03 859.00 886.97
26.12.2016 888.38 905.18 887.87 895.31
27.12.2016 895.31 936.42 891.00 929.50
28.12.2016 929.50 973.99 929.46 972.68
29.12.2016 972.68 980.74 950.00 965.97
30.12.2016 965.97 970.35 931.00 958.27
31.12.2016 958.27 966.37 944.11 963.58
01.01.2017 963.59 1004.88 960.53 1002.50
02.01.2017 1002.40 1032.00 990.01 1016.80
03.01.2017 1016.80 1029.92 999.99 1022.99
04.01.2017 1022.99 1139.89 1022.82 1127.98
05.01.2017 1127.97 1136.72 885.41 1009.00
06.01.2017 1009.00 1026.99 871.00 888.94
07.01.2017 887.73 906.00 812.28 897.34
08.01.2017 897.42 941.81 881.30 910.83
09.01.2017 910.69 912.87 875.00 896.48
10.01.2017 896.48 912.47 889.41 904.97
11.01.2017 905.44 918.40 755.00 788.49
12.01.2017 788.43 832.99 751.34 815.98
13.01.2017 815.79 831.40 775.00 822.43
14.01.2017 822.39 837.76 810.00 815.50
15.01.2017 815.94 823.45 808.00 816.23
16.01.2017 816.23 835.00 816.23 829.57
17.01.2017 829.57 908.50 827.00 904.99
18.01.2017 904.99 915.99 851.74 875.69
19.01.2017 875.69 910.00 875.62 897.13
20.01.2017 897.13 903.50 880.00 895.68
21.01.2017 896.17 928.00 895.00 922.35
22.01.2017 922.35 937.74 886.76 918.36
23.01.2017 918.36 927.57 913.21 921.36
24.01.2017 922.41 923.19 886.27 889.00
25.01.2017 889.00 904.01 881.48 893.86
26.01.2017 893.52 919.49 892.56 916.69
27.01.2017 916.69 924.88 908.01 918.51
28.01.2017 919.44 920.99 913.08 917.92
29.01.2017 917.95 919.99 910.45 913.94
30.01.2017 913.76 923.00 910.00 921.34
31.01.2017 921.61 970.00 917.50 963.60
01.02.2017 963.60 986.96 962.00 983.55
02.02.2017 983.34 1011.65 973.12 1007.27
03.02.2017 1007.27 1022.64 987.01 1013.76
04.02.2017 1013.75 1044.23 1004.00 1033.00
05.02.2017 1033.11 1035.32 1004.70 1010.01
06.02.2017 1010.01 1031.94 1005.10 1023.38
07.02.2017 1023.95 1056.25 1021.30 1052.22
08.02.2017 1053.00 1070.00 1025.00 1056.25
09.02.2017 1056.25 1074.69 913.73 980.00
10.02.2017 980.06 1010.68 950.00 1002.94
11.02.2017 1003.31 1020.00 987.62 1013.73
12.02.2017 1014.51 1015.42 991.98 1002.98
13.02.2017 1002.92 1007.89 975.10 1000.04
14.02.2017 1000.04 1019.00 987.97 1011.25
15.02.2017 1011.76 1013.80 1000.97 1012.95
16.02.2017 1012.76 1043.21 1009.56 1031.97
17.02.2017 1030.90 1064.99 1030.47 1059.30
18.02.2017 1059.31 1068.99 1046.14 1054.63
19.02.2017 1051.58 1061.90 1039.07 1052.25
20.02.2017 1052.01 1064.67 1044.39 1061.95
21.02.2017 1062.21 1126.00 1061.47 1123.99
22.02.2017 1123.70 1143.00 1098.16 1132.90
23.02.2017 1132.90 1183.00 1120.73 1182.17
24.02.2017 1182.06 1220.00 1091.10 1179.89
25.02.2017 1179.85 1184.76 1127.00 1151.89
26.02.2017 1151.16 1184.97 1133.00 1176.37
27.02.2017 1176.37 1197.99 1169.00 1191.46
28.02.2017 1190.08 1209.99 1176.27 1192.87
01.03.2017 1192.87 1231.00 1188.30 1223.36
02.03.2017 1223.41 1283.25 1215.00 1262.70
03.03.2017 1262.70 1298.00 1254.16 1284.28
04.03.2017 1284.97 1289.55 1230.00 1262.34
05.03.2017 1262.25 1275.00 1240.00 1268.90
06.03.2017 1270.00 1285.00 1251.00 1278.74
07.03.2017 1278.74 1281.62 1175.97 1232.00
08.03.2017 1232.00 1245.49 1151.00 1165.04
09.03.2017 1165.16 1208.00 1135.01 1185.68
10.03.2017 1185.75 1350.00 975.00 1091.77
11.03.2017 1091.76 1198.00 1070.50 1176.91
12.03.2017 1176.91 1241.85 1169.45 1230.35
13.03.2017 1231.80 1249.02 1215.43 1242.10
14.03.2017 1241.54 1260.00 1226.50 1245.62
15.03.2017 1244.17 1260.00 1238.32 1259.97
16.03.2017 1259.97 1259.99 1130.00 1174.58
17.03.2017 1174.62 1187.99 1069.99 1087.88
18.03.2017 1086.89 1099.00 944.36 949.21
19.03.2017 949.21 1063.70 945.51 1034.80
20.03.2017 1034.79 1053.00 1006.56 1038.97
21.03.2017 1038.40 1117.90 1030.82 1115.70
22.03.2017 1114.83 1115.15 988.00 1023.00
23.03.2017 1024.27 1054.40 1010.69 1023.61
24.03.2017 1023.02 1032.00 921.00 926.00
25.03.2017 926.00 955.59 891.33 949.20
26.03.2017 949.20 997.00 940.00 951.77
27.03.2017 952.46 1034.99 937.52 1034.28
28.03.2017 1034.93 1068.26 1014.90 1036.32
29.03.2017 1035.68 1059.43 1008.16 1042.91
30.03.2017 1043.13 1050.17 1017.14 1030.42
31.03.2017 1031.31 1081.00 1024.00 1070.61
01.04.2017 1070.61 1097.00 1061.64 1072.13
02.04.2017 1072.53 1100.00 1066.49 1081.82
03.04.2017 1081.82 1152.00 1076.00 1151.98
04.04.2017 1151.99 1162.93 1118.85 1137.54
05.04.2017 1138.38 1145.00 1111.00 1129.21
06.04.2017 1129.51 1201.37 1122.31 1196.00
07.04.2017 1195.39 1202.00 1176.00 1191.56
08.04.2017 1193.27 1197.30 1166.66 1176.95
09.04.2017 1177.52 1216.87 1173.98 1211.52
10.04.2017 1211.52 1219.71 1195.00 1201.55
11.04.2017 1201.90 1229.00 1198.02 1224.54
12.04.2017 1223.37 1225.00 1208.00 1214.07
13.04.2017 1214.51 1219.45 1141.00 1173.35
14.04.2017 1173.35 1193.00 1142.00 1166.39
15.04.2017 1165.59 1192.50 1165.59 1178.90
16.04.2017 1178.70 1179.30 1150.00 1173.06
17.04.2017 1173.62 1192.50 1161.00 1178.86
18.04.2017 1178.85 1210.00 1175.95 1199.40
19.04.2017 1199.19 1209.99 1190.00 1196.65
20.04.2017 1196.67 1243.88 1195.57 1230.20
21.04.2017 1228.56 1252.32 1228.05 1242.08
22.04.2017 1242.02 1247.15 1199.00 1245.00
23.04.2017 1242.44 1248.99 1223.42 1242.00
24.04.2017 1241.99 1254.00 1234.00 1252.71
25.04.2017 1252.71 1280.00 1251.07 1271.56
26.04.2017 1271.56 1330.00 1265.00 1295.05
27.04.2017 1295.06 1342.02 1285.00 1335.53
28.04.2017 1334.52 1347.02 1299.00 1316.30
29.04.2017 1315.00 1342.80 1313.00 1341.18
30.04.2017 1340.00 1354.00 1315.68 1350.00
01.05.2017 1351.00 1425.00 1341.22 1411.86
02.05.2017 1411.89 1481.73 1388.00 1435.02
03.05.2017 1435.02 1516.04 1431.02 1492.14
04.05.2017 1496.81 1623.01 1444.94 1520.65
05.05.2017 1525.90 1609.00 1494.92 1534.60
06.05.2017 1534.60 1578.97 1495.00 1560.98
07.05.2017 1556.20 1565.00 1525.00 1535.98
08.05.2017 1535.98 1642.17 1533.93 1619.99
09.05.2017 1616.01 1760.40 1616.00 1701.61
10.05.2017 1701.51 1794.21 1682.00 1762.72
11.05.2017 1762.72 1892.00 1745.01 1830.64
12.05.2017 1830.57 1837.63 1650.00 1719.00
13.05.2017 1715.01 1785.82 1601.46 1771.89
14.05.2017 1768.94 1815.00 1753.00 1780.00
15.05.2017 1780.00 1785.02 1682.56 1729.95
16.05.2017 1729.95 1750.00 1641.22 1704.97
17.05.2017 1704.99 1840.42 1670.01 1771.44
18.05.2017 1767.01 1880.00 1765.26 1876.50
19.05.2017 1876.50 1958.99 1874.99 1957.17
20.05.2017 1957.12 2000.00 1914.00 1990.00
21.05.2017 1998.90 2063.11 1961.52 2014.64
22.05.2017 2016.00 2230.34 2008.69 2137.83
23.05.2017 2137.70 2268.12 2001.00 2235.48
24.05.2017 2235.48 2481.75 2232.03 2464.00
25.05.2017 2464.00 2760.10 2263.72 2477.26
26.05.2017 2477.26 2599.12 2060.00 2288.20
27.05.2017 2288.00 2339.94 1850.00 2016.79
28.05.2017 2023.55 2313.96 2012.21 2162.87
29.05.2017 2162.70 2350.00 2110.00 2332.01
30.05.2017 2334.56 2344.61 2214.95 2232.03
31.05.2017 2232.03 2334.00 2154.28 2277.99
01.06.2017 2277.99 2456.39 2269.36 2398.59
02.06.2017 2398.57 2457.64 2360.00 2452.31
03.06.2017 2452.31 2584.34 2445.00 2548.47
04.06.2017 2548.39 2570.00 2460.00 2510.18
05.06.2017 2509.01 2689.09 2501.00 2665.99
06.06.2017 2665.97 2933.00 2653.85 2855.90
07.06.2017 2855.70 2893.28 2635.00 2635.00
08.06.2017 2635.00 2810.00 2612.50 2783.02
09.06.2017 2783.01 2868.23 2772.65 2827.00
10.06.2017 2827.00 2912.98 2790.00 2833.24
11.06.2017 2833.24 2960.24 2833.24 2944.07
12.06.2017 2942.24 2980.00 2480.03 2667.98
13.06.2017 2668.00 2783.62 2609.00 2702.46
14.06.2017 2702.48 2801.00 2409.01 2460.00
15.06.2017 2459.92 2516.20 2120.00 2388.41
16.06.2017 2386.01 2540.00 2307.66 2484.70
17.06.2017 2484.68 2668.44 2412.10 2643.95
18.06.2017 2643.00 2674.40 2462.00 2489.43
19.06.2017 2485.95 2596.00 2460.62 2578.60
20.06.2017 2578.21 2783.00 2573.38 2761.57
21.06.2017 2761.60 2789.00 2611.00 2637.84
22.06.2017 2637.84 2740.00 2594.61 2707.00
23.06.2017 2706.99 2745.00 2688.88 2713.22
24.06.2017 2711.01 2724.96 2512.13 2580.10
25.06.2017 2581.80 2635.72 2432.00 2489.31
26.06.2017 2485.00 2550.03 2315.01 2404.81
27.06.2017 2404.75 2485.02 2291.00 2449.96
28.06.2017 2449.96 2593.00 2446.90 2593.00
29.06.2017 2592.98 2594.78 2500.31 2555.00
30.06.2017 2562.33 2565.01 2475.77 2480.71
01.07.2017 2480.71 2517.11 2390.00 2419.83
02.07.2017 2416.94 2515.99 2374.34 2512.49
03.07.2017 2515.99 2595.00 2472.68 2568.12
04.07.2017 2566.80 2639.47 2539.86 2577.19
05.07.2017 2578.01 2621.00 2530.10 2610.01
06.07.2017 2611.51 2623.00 2522.00 2598.60
07.07.2017 2600.00 2612.00 2486.01 2504.05
08.07.2017 2504.15 2550.03 2462.00 2530.24
09.07.2017 2529.36 2564.65 2515.00 2529.40
10.07.2017 2525.89 2529.97 2315.00 2336.39
11.07.2017 2335.02 2399.00 2242.62 2333.57
12.07.2017 2335.44 2408.84 2239.54 2364.29
13.07.2017 2364.01 2425.16 2312.93 2339.47
14.07.2017 2339.47 2357.84 2140.00 2177.99
15.07.2017 2174.70 2226.00 1978.00 2023.70
16.07.2017 2021.83 2059.85 1830.00 1899.99
17.07.2017 1899.94 2194.33 1880.00 2154.57
18.07.2017 2154.58 2392.00 2154.58 2354.00
19.07.2017 2354.03 2402.50 2223.00 2260.21
20.07.2017 2263.34 2770.00 2242.00 2753.92
21.07.2017 2748.01 2938.00 2611.39 2640.00
22.07.2017 2636.95 2882.00 2621.10 2830.30
23.07.2017 2830.39 2855.00 2640.00 2769.99
24.07.2017 2769.97 2800.00 2701.00 2752.58
25.07.2017 2751.97 2775.79 2450.00 2560.00
26.07.2017 2557.06 2608.96 2400.00 2464.66
27.07.2017 2464.54 2660.00 2443.70 2643.99
28.07.2017 2650.00 2825.00 2637.40 2774.01
29.07.2017 2778.74 2800.00 2657.39 2708.30
30.07.2017 2700.40 2774.45 2569.69 2739.56
31.07.2017 2739.52 2889.99 2680.01 2840.01
01.08.2017 2842.70 2929.17 2615.00 2720.00
02.08.2017 2724.99 2760.00 2650.00 2672.40
03.08.2017 2665.21 2807.44 2657.56 2787.84
04.08.2017 2781.23 2877.52 2765.91 2843.96
05.08.2017 2835.00 3339.66 2835.00 3233.09
06.08.2017 3233.02 3296.51 3146.10 3264.89
07.08.2017 3264.89 3430.00 3186.00 3361.03
08.08.2017 3361.09 3490.00 3300.00 3429.50
09.08.2017 3425.27 3463.31 3178.72 3349.73
10.08.2017 3355.41 3448.00 3293.01 3430.84
11.08.2017 3426.00 3615.00 3390.10 3608.68
12.08.2017 3600.00 3934.00 3584.85 3799.97
13.08.2017 3805.58 4190.00 3787.00 4100.01
14.08.2017 4100.00 4328.00 3964.96 4282.71
15.08.2017 4289.50 4400.00 3800.00 4129.87
16.08.2017 4129.80 4364.00 3926.06 4310.00
17.08.2017 4310.00 4480.00 4167.21 4316.70
18.08.2017 4310.39 4368.00 3964.96 4055.00
19.08.2017 4055.00 4188.00 3900.00 4077.20
20.08.2017 4077.30 4130.00 4000.00 4093.27
21.08.2017 4093.27 4111.96 3949.78 4015.41
22.08.2017 4029.93 4139.31 3600.00 4083.01
23.08.2017 4091.01 4248.97 4011.09 4080.75
24.08.2017 4076.35 4246.41 4062.26 4231.24
25.08.2017 4231.20 4449.98 4206.59 4328.37
26.08.2017 4328.37 4372.20 4232.43 4327.99
27.08.2017 4327.99 4393.30 4290.32 4349.23
28.08.2017 4349.23 4377.83 4169.01 4377.82
29.08.2017 4377.82 4649.78 4336.26 4612.00
30.08.2017 4612.00 4642.22 4479.00 4570.00
31.08.2017 4568.01 4765.21 4555.28 4734.50
01.09.2017 4729.76 4935.00 4671.09 4863.40
02.09.2017 4864.79 4979.90 4488.50 4499.83
03.09.2017 4492.00 4700.00 4385.00 4599.98
04.09.2017 4599.99 4624.72 4058.50 4367.21
05.09.2017 4378.76 4449.45 4001.93 4387.00
06.09.2017 4388.26 4649.23 4356.42 4577.51
07.09.2017 4575.01 4674.34 4475.00 4610.00
08.09.2017 4614.24 4679.97 4125.99 4181.06
09.09.2017 4179.37 4379.78 4164.00 4275.75
10.09.2017 4275.06 4334.38 4010.00 4238.99
11.09.2017 4238.99 4353.49 4092.40 4192.17
12.09.2017 4192.18 4377.65 4080.00 4200.00
13.09.2017 4199.99 4199.99 3720.01 3881.40
14.09.2017 3883.70 3949.99 3251.29 3289.10
15.09.2017 3289.10 3820.00 2972.01 3809.30
16.09.2017 3810.25 3872.90 3500.00 3692.19
17.09.2017 3683.58 3772.52 3463.00 3695.95
18.09.2017 3695.77 4100.00 3646.39 4072.49
19.09.2017 4073.00 4122.70 3848.35 3904.25
20.09.2017 3906.90 4050.00 3820.56 3932.31
21.09.2017 3938.41 3967.93 3573.00 3645.50
22.09.2017 3650.50 3761.84 3514.00 3624.37
23.09.2017 3623.29 3810.25 3552.00 3726.34
24.09.2017 3725.99 3783.25 3615.00 3664.42
25.09.2017 3668.41 3968.59 3658.31 3954.96
26.09.2017 3954.96 3970.00 3850.61 3917.99
27.09.2017 3917.99 4200.00 3870.00 4199.92
28.09.2017 4199.99 4270.01 4123.50 4192.31
29.09.2017 4192.24 4227.62 4022.02 4183.96
30.09.2017 4179.96 4349.00 4132.01 4304.64
01.10.2017 4305.00 4349.00 4216.00 4322.05
02.10.2017 4322.05 4453.00 4319.05 4374.45
03.10.2017 4374.45 4425.00 4218.00 4270.80
04.10.2017 4270.65 4343.00 4170.07 4213.23
05.10.2017 4219.00 4356.05 4137.96 4325.04
06.10.2017 4325.05 4425.00 4278.40 4336.26
07.10.2017 4337.81 4383.95 4312.82 4335.78
08.10.2017 4334.66 4612.00 4334.66 4578.77
09.10.2017 4573.11 4865.00 4541.00 4798.19
10.10.2017 4798.20 4909.97 4739.90 4815.00
11.10.2017 4815.01 4869.78 4700.00 4794.01
12.10.2017 4793.99 5388.00 4789.04 5295.87
13.10.2017 5294.46 5846.43 5274.71 5577.43
14.10.2017 5586.98 5767.14 5506.81 5716.14
15.10.2017 5715.21 5830.00 5415.00 5561.99
16.10.2017 5561.97 5747.97 5548.00 5703.50
17.10.2017 5703.51 5807.11 5506.78 5574.68
18.10.2017 5574.68 5599.00 5101.36 5505.43
19.10.2017 5505.41 5735.00 5497.32 5728.99
20.10.2017 5728.37 6074.00 5589.80 5960.00
21.10.2017 5960.00 6180.00 5871.00 6050.00
22.10.2017 6050.00 6084.40 5700.00 5900.00
23.10.2017 5899.89 6045.34 5617.75 5895.19
24.10.2017 5896.13 5900.00 5453.01 5473.93
25.10.2017 5464.99 5715.99 5366.00 5687.00
26.10.2017 5686.99 5988.00 5635.77 5830.00
27.10.2017 5829.80 5994.06 5674.06 5749.46
28.10.2017 5739.95 5875.66 5646.18 5731.24
29.10.2017 5731.14 6316.85 5683.00 6173.47
30.10.2017 6173.00 6229.77 6024.03 6098.99
31.10.2017 6098.99 6420.00 6072.81 6379.91
01.11.2017 6379.87 6669.78 6340.01 6655.34
02.11.2017 6666.27 7354.10 6627.24 7031.31
03.11.2017 7031.29 7500.00 6925.22 7192.20
04.11.2017 7192.26 7569.90 6994.00 7415.46
05.11.2017 7413.46 7590.00 7275.16 7351.59
06.11.2017 7343.86 7421.39 6932.14 6968.08
07.11.2017 6968.08 7244.69 6922.07 7080.00
08.11.2017 7080.00 7888.00 7079.89 7399.89
09.11.2017 7400.00 7495.60 7061.20 7126.22
10.11.2017 7126.41 7343.18 6429.44 6711.74
11.11.2017 6715.99 6820.00 6218.00 6329.12
12.11.2017 6338.41 6488.88 5555.55 5700.00
13.11.2017 5699.48 6775.75 5645.00 6450.51
14.11.2017 6450.51 6750.00 6425.58 6580.00
15.11.2017 6580.00 7350.00 6541.90 7261.47
16.11.2017 7267.80 7976.79 7120.85 7799.04
17.11.2017 7799.98 7997.00 7528.50 7750.00
18.11.2017 7750.00 7858.00 7431.54 7831.21
19.11.2017 7831.21 8087.35 7675.00 8015.00
20.11.2017 8015.00 8268.20 7900.00 8239.98
21.11.2017 8239.99 8354.46 7770.00 7970.00
22.11.2017 7970.00 8310.89 7957.00 8251.60
23.11.2017 8258.59 8284.00 8058.69 8115.78
24.11.2017 8115.73 8340.00 7876.00 8244.50
25.11.2017 8253.83 8702.16 8114.78 8638.29
26.11.2017 8655.92 9366.60 8538.20 9235.08
27.11.2017 9235.08 9721.70 9186.14 9626.10
28.11.2017 9626.10 9968.00 9582.25 9910.48
29.11.2017 9910.47 11395.00 9250.00 9949.98
30.11.2017 9949.96 10618.29 9000.00 9849.27
01.12.2017 9849.27 10949.89 9370.11 10815.00
02.12.2017 10815.00 11200.00 10637.69 10949.10
03.12.2017 10949.13 11800.01 10513.16 11127.88
04.12.2017 11100.00 11594.50 10850.00 11475.07
05.12.2017 11475.12 11850.00 11384.25 11720.02
06.12.2017 11720.02 13700.00 11623.99 13695.71
07.12.2017 13699.98 16450.00 13085.90 16450.00
08.12.2017 16450.00 16666.66 13482.42 15672.79
09.12.2017 15672.79 15998.50 12701.05 14498.00
10.12.2017 14497.97 15299.21 13011.00 14259.60
11.12.2017 14255.36 17270.00 14250.00 16765.99
12.12.2017 16765.00 17428.42 15967.29 17046.96
13.12.2017 17046.96 17107.03 15497.69 16335.36
14.12.2017 16335.41 16830.45 15852.69 16375.00
15.12.2017 16375.00 17934.00 16213.88 17500.00
16.12.2017 17478.05 19264.38 17269.99 19180.03
17.12.2017 19148.57 19666.00 18465.00 19201.52
18.12.2017 19208.06 19310.67 17835.20 18741.00
19.12.2017 18741.00 19160.79 16831.26 17279.79
20.12.2017 17280.00 17950.00 15343.04 16288.46
21.12.2017 16250.05 17281.17 15005.00 15656.43
22.12.2017 15620.00 15795.61 11159.93 14847.00
23.12.2017 14847.00 15756.22 13496.48 15000.00
24.12.2017 14999.47 15179.00 12488.00 13789.98
25.12.2017 13790.00 14650.00 13210.00 13815.82
26.12.2017 13815.79 16147.87 13746.95 15664.99
27.12.2017 15664.99 16480.52 14484.00 15299.98
28.12.2017 15299.98 15483.22 13500.00 14129.85
29.12.2017 14129.81 15111.00 13998.00 14500.00
30.12.2017 14498.99 14659.37 12050.00 12891.93
31.12.2018 12891.93 14296.06 12491.21 13937.95
01.01.2018 13925.00 13999.98 12801.38 13478.50
02.01.2018 13496.39 15257.53 12910.58 14787.00
03.01.2018 14783.55 15500.00 14546.28 14821.57
04.01.2018 14821.57 15430.27 14192.37 15029.00
05.01.2018 15029.00 17200.00 14810.00 16920.00
06.01.2018 16919.96 17234.99 16220.00 17060.77
07.01.2018 17071.71 17198.97 15707.16 16449.87
08.01.2018 16439.43 16449.99 13900.00 14732.88
09.01.2018 14732.42 15367.18 14123.97 14390.56
10.01.2018 14418.70 14700.00 13412.00 14524.19
11.01.2018 14525.00 14973.07 12800.00 13119.98
12.01.2018 13100.00 14152.19 12807.27 13639.94
13.01.2018 13639.89 14619.10 13568.44 14273.97
14.01.2018 14304.47 14365.81 13072.22 13585.00
15.01.2018 13585.01 14394.36 13429.25 13808.48
16.01.2018 13829.59 13868.51 10162.00 11220.00
17.01.2018 11220.00 11794.07 9222.00 11163.36
18.01.2018 11163.35 12146.00 10693.00 11326.52
19.01.2018 11286.81 12050.39 11025.18 11297.48
20.01.2018 11297.41 13052.12 11254.46 12874.85
21.01.2018 12874.00 12874.00 11100.00 11241.99
22.01.2018 11241.99 11910.78 10028.41 10699.97
23.01.2018 10695.07 11409.87 9927.54 11050.00
24.01.2018 11050.00 11500.00 10488.13 11113.67
25.01.2018 11113.67 11741.82 10868.57 11150.10
26.01.2018 11151.38 11635.00 10263.32 10805.11
27.01.2018 10805.00 11630.47 10780.40 11476.99
28.01.2018 11476.99 11989.15 11332.29 11721.74
29.01.2018 11713.01 11820.01 10991.00 11046.10
30.01.2018 11046.00 11230.00 9731.20 10101.01
31.01.2018 10101.01 10324.00 9514.96 10044.14
01.02.2018 10046.68 10187.56 8455.00 8888.80
02.02.2018 8888.81 9115.08 7625.25 8758.41
03.02.2018 8766.24 9491.20 8170.71 9098.60
04.02.2018 9091.00 9350.09 7825.00 8388.52
05.02.2018 8387.58 8400.00 6600.00 6792.28
06.02.2018 6792.28 8150.00 5920.72 7673.00
07.02.2018 7672.98 8649.00 7213.80 7858.88
08.02.2018 7848.00 8644.36 7543.27 8229.44
09.02.2018 8219.24 8779.62 7753.32 8599.72
10.02.2018 8599.72 9090.80 8170.86 8564.32
11.02.2018 8569.75 8589.08 7820.00 8319.71
12.02.2018 8319.03 8924.33 8026.00 8889.99
13.02.2018 8889.99 8995.00 8360.13 8543.99
14.02.2018 8549.99 9457.50 8467.00 9457.50
15.02.2018 9457.50 10234.00 9350.00 10106.87
16.02.2018 10100.00 10300.00 9707.51 10227.00
17.02.2018 10208.83 10988.00 10053.50 10965.69
18.02.2018 10966.00 11300.00 10153.15 10605.63
19.02.2018 10600.00 11262.48 10307.51 11061.33
20.02.2018 11061.33 11780.00 11042.11 11356.54
21.02.2018 11356.51 11430.31 10256.00 10494.80
22.02.2018 10486.77 10935.00 9731.20 9958.62
23.02.2018 9958.11 10405.30 9600.00 10161.12
24.02.2018 10160.96 10540.63 9373.48 9630.00
25.02.2018 9623.45 9883.41 9260.00 9687.32
26.02.2018 9686.10 10461.97 9376.34 10372.02
27.02.2018 10372.02 10850.00 10150.00 10720.01
28.02.2018 10735.83 11064.75 10364.78 10409.00
01.03.2018 10409.00 11090.00 10223.41 10989.73
02.03.2018 10990.98 11175.00 10774.01 11102.02
03.03.2018 11103.99 11503.24 10937.98 11397.64
04.03.2018 11397.64 11478.71 11054.91 11367.36
05.03.2018 11368.76 11688.00 11355.00 11562.53
06.03.2018 11560.53 11605.99 10560.19 10768.20
07.03.2018 10768.20 10911.78 9450.00 9931.62
08.03.2018 9931.62 10150.00 9078.95 9247.05
09.03.2018 9255.00 9420.39 8366.00 9215.11
10.03.2018 9215.12 9514.96 8697.00 8845.27
11.03.2018 8845.92 9768.37 8450.00 9500.00
12.03.2018 9517.07 9892.00 8742.07 9039.81
13.03.2018 9040.38 9482.79 8830.00 9151.99
14.03.2018 9151.99 9356.14 7948.00 8177.23
15.03.2018 8177.98 8425.00 7682.00 8334.53
16.03.2018 8332.01 8613.06 7914.08 8483.00
17.03.2018 8483.00 8506.30 7730.23 8019.87
18.03.2018 8021.38 8324.92 7325.37 8156.23
19.03.2018 8161.91 8718.74 8114.17 8511.77
20.03.2018 8511.78 9051.00 8313.01 8942.04
21.03.2018 8942.04 9188.10 8754.83 8831.63
22.03.2018 8842.16 9099.59 8503.52 8691.77
23.03.2018 8705.56 8766.03 8265.00 8644.24
24.03.2018 8644.24 9020.00 8552.56 8634.37
25.03.2018 8640.88 8685.04 8368.63 8632.10
26.03.2018 8632.99 8653.68 7831.15 7888.00
27.03.2018 7887.99 8273.36 7742.11 8005.27
28.03.2018 8005.13 8104.98 7723.03 7873.00
29.03.2018 7873.00 8000.00 6914.53 7074.99
30.03.2018 7074.99 7338.91 6550.00 6912.03
31.03.2018 6908.92 7231.73 6756.00 6924.70
01.04.2018 6934.39 7045.71 6427.16 6820.00
02.04.2018 6818.64 7106.50 6758.45 6978.11
03.04.2018 6968.17 7506.84 6966.16 7422.60
04.04.2018 7422.10 7450.00 6734.99 6820.21
05.04.2018 6821.77 6928.70 6578.95 6717.24
06.04.2018 6731.10 6850.00 6510.00 6607.15
07.04.2018 6606.62 7069.13 6539.69 6972.19
08.04.2018 6981.30 7104.52 6863.00 7005.12
09.04.2018 7005.12 7175.83 6611.49 6710.10
10.04.2018 6710.32 6871.88 6653.21 6849.66
11.04.2018 6860.77 6984.92 6779.44 6904.00
12.04.2018 6904.00 8069.34 6758.45 7835.00
13.04.2018 7835.00 8239.33 7753.32 7887.57
14.04.2018 7886.50 8232.14 7805.00 8045.33
15.04.2018 8046.18 8417.00 7945.20 8320.00
16.04.2018 8306.88 8424.99 7905.00 8028.93
17.04.2018 8028.50 8160.85 7806.81 7907.90
18.04.2018 7907.64 8235.00 7860.50 8197.00
19.04.2018 8197.00 8297.99 8074.44 8267.10
20.04.2018 8276.96 8567.68 8216.90 8503.00
21.04.2018 8518.99 9023.40 8503.00 8776.32
22.04.2018 8788.59 9036.52 8772.07 8915.00
23.04.2018 8915.00 9006.39 8760.00 8939.18
24.04.2018 8939.18 9498.97 8915.01 9471.06
25.04.2018 9471.06 9755.53 8751.00 9172.99
26.04.2018 9166.29 9180.00 8647.29 9100.23
27.04.2018 9103.69 9387.82 8906.19 8969.55
28.04.2018 8971.60 9442.34 8854.47 9295.89
29.04.2018 9287.47 9538.75 9180.00 9324.95
30.04.2018 9313.80 9443.96 9111.00 9220.26
01.05.2018 9223.36 9287.89 8815.91 9078.00
02.05.2018 9078.00 9257.18 8975.23 9224.86
03.05.2018 9224.86 9731.20 9165.19 9655.10
04.05.2018 9655.10 9799.99 9527.38 9710.90
05.05.2018 9710.90 9948.98 9667.04 9757.00
06.05.2018 9756.99 9918.41 9375.00 9516.99
07.05.2018 9516.99 9634.50 9175.00 9395.00
08.05.2018 9394.99 9450.00 9015.00 9175.43
09.05.2018 9180.00 9368.79 8974.62 9240.00
10.05.2018 9240.00 9393.00 9050.00 9106.17
11.05.2018 9095.32 9111.80 8351.00 8387.01
12.05.2018 8387.01 8652.80 8208.81 8423.12
13.05.2018 8409.99 8775.90 8335.56 8653.69
14.05.2018 8653.69 8900.90 8286.57 8733.43
15.05.2018 8738.42 8865.00 8400.00 8492.28
16.05.2018 8491.19 8557.51 8100.01 8295.85
17.05.2018 8285.39 8500.00 8110.02 8155.41
18.05.2018 8155.40 8275.10 7929.53 8235.00
19.05.2018 8234.99 8395.00 8141.08 8199.99
20.05.2018 8199.99 8590.00 8170.71 8521.99
21.05.2018 8523.50 8589.10 8320.00 8385.57
22.05.2018 8385.57 8424.00 8050.01 8076.99
23.05.2018 8076.99 8103.07 7435.49 7640.23
24.05.2018 7640.23 7733.99 7267.24 7538.55
25.05.2018 7538.53 7661.07 7328.13 7441.70
26.05.2018 7441.70 7622.87 7360.50 7468.99
27.05.2018 7460.75 7475.00 7213.09 7340.63
28.05.2018 7333.24 7445.00 7140.78 7166.00
29.05.2018 7166.74 7537.00 7026.90 7494.78
30.05.2018 7499.25 7559.00 7273.89 7345.95
31.05.2018 7345.00 7601.23 7330.22 7545.69
01.06.2018 7539.14 7620.01 7348.45 7435.08
02.06.2018 7435.08 7700.00 7428.28 7621.00
03.06.2018 7624.96 7790.69 7581.03 7689.27
04.06.2018 7681.60 7764.44 7449.68 7543.09
05.06.2018 7537.00 7685.00 7360.00 7589.52
06.06.2018 7589.52 7695.46 7482.61 7671.69
07.06.2018 7659.94 7750.00 7618.99 7660.00
08.06.2018 7651.50 7697.00 7542.00 7659.96
09.06.2018 7659.98 7686.45 7573.36 7608.72
10.06.2018 7608.50 7617.88 6627.70 6758.51
11.06.2018 6758.50 6835.22 6634.86 6774.11
12.06.2018 6774.11 6919.97 6461.42 6549.28
13.06.2018 6550.00 6624.45 6120.00 6281.44
14.06.2018 6281.44 6708.10 6269.79 6652.17
15.06.2018 6650.00 6673.02 6454.47 6483.49
16.06.2018 6482.82 6557.81 6333.63 6534.89
17.06.2018 6538.13 6575.35 6450.00 6500.00
18.06.2018 6493.26 6793.00 6381.25 6715.00
19.06.2018 6715.26 6841.81 6660.21 6722.04
20.06.2018 6722.03 6809.26 6558.95 6715.49
21.06.2018 6721.19 6792.20 6677.85 6710.38
22.06.2018 6710.38 6754.16 5940.00 6025.11
23.06.2018 6024.67 6255.05 5968.71 6231.62
24.06.2018 6231.60 6261.00 5780.00 6165.96
25.06.2018 6166.85 6365.34 6075.01 6259.00
26.06.2018 6259.00 6277.00 6120.00 6224.11
27.06.2018 6220.36 6224.13 5985.00 6123.72
28.06.2018 6123.99 6181.11 5898.85 5915.00
29.06.2018 5914.57 5959.26 5774.72 5920.74
30.06.2018 5920.96 6510.00 5915.34 6335.52
01.07.2018 6329.62 6438.55 6259.34 6360.79
02.07.2018 6367.31 6667.57 6270.69 6637.16
03.07.2018 6633.90 6666.00 6533.00 6614.99
04.07.2018 6613.32 6792.28 6413.20 6689.89
05.07.2018 6687.99 6700.00 6445.31 6498.96
06.07.2018 6495.52 6636.15 6449.76 6591.79
07.07.2018 6582.27 6624.79 6510.00 6530.12
08.07.2018 6530.12 6820.00 6520.23 6748.01
09.07.2018 6751.23 6757.94 6657.01 6724.78
10.07.2018 6724.77 6814.72 6298.95 6373.90
11.07.2018 6370.01 6400.00 6270.84 6361.93
12.07.2018 6362.36 6381.25 6085.59 6171.68
13.07.2018 6171.94 6337.25 6072.00 6215.85
14.07.2018 6211.37 6317.84 6180.00 6265.61
15.07.2018 6265.07 6397.21 6227.76 6379.95
16.07.2018 6379.95 6724.78 6333.63 6661.66
17.07.2018 6659.17 7468.31 6651.91 7360.60
18.07.2018 7360.60 7599.98 7239.15 7332.60
19.07.2018 7325.66 7513.00 7278.84 7436.93
20.07.2018 7436.93 7696.88 7265.00 7300.22
21.07.2018 7300.22 7458.00 7212.00 7412.56
22.07.2018 7412.56 7581.03 7336.15 7365.92
23.07.2018 7375.99 7800.00 7340.23 7750.09
24.07.2018 7754.57 8356.40 7690.17 8250.05
25.07.2018 8263.19 8496.96 8049.22 8292.00
26.07.2018 8285.00 8314.23 7915.00 7959.00
27.07.2018 7958.39 8274.98 7798.48 8261.68
28.07.2018 8261.68 8265.00 8051.43 8169.17
29.07.2018 8169.17 8299.99 8109.74 8190.41
30.07.2018 8190.41 8295.00 7853.01 8121.97
31.07.2018 8120.01 8198.69 7657.13 7710.00
01.08.2018 7710.00 7777.00 7451.00 7477.67
02.08.2018 7480.00 7709.98 7440.00 7533.72
03.08.2018 7526.96 7576.47 7286.41 7415.96
04.08.2018 7415.96 7494.48 6926.00 6987.54
05.08.2018 6985.79 7086.80 6888.88 7046.23
06.08.2018 7046.23 7157.93 6839.16 6862.35
07.08.2018 6862.35 7155.00 6671.00 6759.43
08.08.2018 6752.14 6796.00 6121.00 6299.33
09.08.2018 6304.99 6627.00 6190.01 6586.73
10.08.2018 6585.43 6620.99 5995.75 6071.46
11.08.2018 6071.46 6494.13 6000.00 6390.83
12.08.2018 6390.83 6493.77 6163.44 6368.38
13.08.2018 6367.76 6544.37 6142.20 6241.20
14.08.2018 6240.85 6284.78 5880.00 6110.00
15.08.2018 6110.03 6628.50 6074.92 6417.44
16.08.2018 6417.35 6477.57 6208.37 6277.96
17.08.2018 6284.89 6562.00 6260.69 6511.83
18.08.2018 6515.21 6615.00 6303.00 6392.86
19.08.2018 6397.47 6545.00 6312.00 6500.00
20.08.2018 6500.01 6523.00 6381.25 6414.22
21.08.2018 6414.22 6513.28 6223.90 6457.64
22.08.2018 6457.64 6906.81 6279.00 6372.00
23.08.2018 6371.83 6495.00 6250.00 6472.57
24.08.2018 6475.28 6700.00 6445.32 6680.81
25.08.2018 6685.99 6800.00 6664.25 6699.96
26.08.2018 6699.99 6775.34 6558.95 6680.03
27.08.2018 6672.37 6775.34 6641.35 6727.12
28.08.2018 6724.06 7125.28 6716.01 7065.00
29.08.2018 7060.01 7124.06 6890.00 7056.44
30.08.2018 7055.94 7062.73 6792.85 6935.69
31.08.2018 6936.24 7101.03 6879.00 7027.51
01.09.2018 7026.23 7300.18 6998.87 7177.75
02.09.2018 7187.22 7334.50 7130.63 7275.22
03.09.2018 7275.01 7340.08 7184.00 7303.39
04.09.2018 7302.59 7411.85 7231.00 7357.07
05.09.2018 7350.52 7387.00 6832.56 6927.90
06.09.2018 6926.01 6929.40 6253.29 6435.58
07.09.2018 6434.89 6525.00 6322.00 6414.17
08.09.2018 6408.80 6465.46 6113.23 6178.21
09.09.2018 6178.21 6451.51 6094.38 6359.49
10.09.2018 6359.50 6365.80 6208.38 6294.53
11.09.2018 6294.53 6405.00 6162.06 6311.43
12.09.2018 6309.47 6349.00 6192.89 6299.04
13.09.2018 6299.04 6537.46 6295.85 6462.18
14.09.2018 6453.23 6587.00 6384.36 6515.53
15.09.2018 6515.53 6570.10 6461.42 6507.50
16.09.2018 6509.08 6538.87 6349.47 6495.29
17.09.2018 6495.31 6530.24 6200.00 6245.15
18.09.2018 6242.89 6390.00 6215.89 6325.12
19.09.2018 6321.10 6510.00 6100.00 6400.03
20.09.2018 6394.00 6522.00 6333.63 6507.57
21.09.2018 6506.99 6775.34 6461.44 6713.09
22.09.2018 6711.49 6826.28 6624.79 6694.56
23.09.2018 6691.45 6774.91 6659.00 6679.16
24.09.2018 6679.16 6723.18 6558.95 6622.14
25.09.2018 6622.04 6622.04 6324.96 6390.68
26.09.2018 6385.60 6540.00 6371.10 6465.00
27.09.2018 6468.97 6736.85 6429.23 6713.32
28.09.2018 6714.17 6792.28 6525.67 6630.74
29.09.2018 6629.79 6642.65 6454.00 6570.27
30.09.2018 6574.88 6628.06 6510.00 6555.73
01.10.2018 6555.00 6638.15 6477.57 6567.39
02.10.2018 6568.03 6597.00 6447.28 6521.84
03.10.2018 6521.77 6541.00 6396.34 6415.96
04.10.2018 6415.96 6604.89 6413.20 6545.00
05.10.2018 6549.00 6594.94 6510.00 6557.96
06.10.2018 6559.32 6641.35 6526.28 6556.24
07.10.2018 6544.57 6561.25 6493.92 6535.51
08.10.2018 6534.10 6656.63 6530.13 6613.67
09.10.2018 6612.84 6629.97 6553.13 6581.04
10.10.2018 6581.04 6594.35 6387.91 6510.00
11.10.2018 6516.02 6538.78 6055.28 6199.69
12.10.2018 6199.67 6243.79 6109.00 6207.65
13.10.2018 6207.62 6219.77 6168.83 6188.66
14.10.2018 6190.88 6349.47 6186.67 6205.43
15.10.2018 6202.01 6756.00 6143.08 6393.54
16.10.2018 6388.77 6493.77 6386.40 6457.20
17.10.2018 6460.30 6489.00 6407.69 6443.15
18.10.2018 6443.08 6490.00 6350.00 6370.03
19.10.2018 6370.03 6412.40 6355.34 6384.17
20.10.2018 6384.17 6424.16 6363.02 6403.00
21.10.2018 6403.00 6470.00 6393.59 6434.62
22.10.2018 6426.01 6435.02 6372.53 6402.16
23.10.2018 6402.47 6421.58 6354.26 6394.30
24.10.2018 6394.30 6473.00 6385.00 6430.16
25.10.2018 6426.91 6428.60 6361.73 6397.63
26.10.2018 6397.78 6450.30 6377.81 6402.01
27.10.2018 6402.00 6420.01 6381.25 6410.00
28.10.2018 6410.00 6420.00 6383.00 6395.81
29.10.2018 6397.52 6420.00 6208.37 6258.51
30.10.2018 6264.70 6289.00 6240.00 6273.94
31.10.2018 6272.68 6350.00 6199.25 6305.37
01.11.2018 6305.27 6365.33 6288.01 6339.43
02.11.2018 6339.36 6381.25 6328.33 6346.21
03.11.2018 6342.66 6354.83 6312.48 6327.45
04.11.2018 6325.42 6475.00 6310.57 6408.28
05.11.2018 6408.28 6441.43 6369.89 6400.32
06.11.2018 6401.60 6460.01 6378.24 6441.90
07.11.2018 6441.90 6544.00 6432.45 6500.01
08.11.2018 6500.79 6511.27 6388.88 6408.58
09.11.2018 6408.41 6418.18 6307.00 6325.42
10.11.2018 6327.64 6377.26 6320.13 6362.22
11.11.2018 6363.57 6365.00 6343.90 6349.32